-1.4443558295365069 1.859154929577465 0.03177582824980315 0.02
-1.331965127210239 1.8253521126760561 0.029303232798625258 0.02
-1.2543648711697701 1.8253521126760566 0.027596027165734942 0.02
-1.171453873112189 1.7915492957746482 0.025771985208468157 0.02
-1.1147243304452858 1.7577464788732389 0.024523935269796286 0.02
-1.0653479859212394 1.7577464788732406 0.023437655690267265 0.02
-1.0086095828948674 1.7577464788732389 0.02218941082368708 0.02
-0.9758332788110025 1.7239436619718305 0.02146833213384205 0.02
-0.9339952852466475 1.7239436619718287 0.020547896275426244 0.02
-0.8973540851399052 1.723943661971834 0.019741789873077915 0.02
-0.8567056281827387 1.7239436619718305 0.018847523820020248 0.02
-0.8267946189469824 1.6901408450704203 0.018189481616833612 0.02
-0.8089232343826652 1.6901408450704238 0.017796311156418634 0.02
-0.7853981633974483 1.7239436619718305 0.01727875959474386 0.02
-0.750118689803857 1.6563380281690137 0.016502611175684852 0.02
-0.7321939838539574 1.723943661971834 0.016108267644787063 0.02
-0.7086262721276703 1.6901408450704203 0.015589777986808745 0.02
-0.690446457054692 1.6563380281690137 0.015189822055203223 0.02
-0.6721128273807938 1.6901408450704238 0.014786482202377462 0.02
-0.6551867204330519 1.6563380281690172 0.014414107849527142 0.02
-0.6318543808578923 1.7239436619718305 0.013900796378873629 0.02
-0.6182963634663426 1.6563380281690172 0.013602519996259537 0.02
-0.6066051085945269 1.6901408450704238 0.013345312389079591 0.02
-0.5880026035475675 1.6901408450704167 0.012936057278046484 0.02
-0.5763752205911837 1.6225352112676106 0.012680254853006041 0.02
-0.5577088436287925 1.65633802816901 0.012269594559833433 0.02
-0.5461665634337878 1.6901408450704238 0.01201566439554333 0.02
-0.5389764998291462 1.6563380281690172 0.011857482996241215 0.02
-0.5274705837654604 1.65633802816901 0.011604352842840128 0.02
-0.5087298243155532 1.6563380281690172 0.01119205613494217 0.02
-0.49337862277752215 1.65633802816901 0.010854329701105487 0.02
-0.4860319293400963 1.6563380281690172 0.010692702445482118 0.02
-0.478627761768176 1.6563380281690172 0.010529810758899872 0.02
-0.47116626431311 1.65633802816901 0.01036565781488842 0.02
-0.4599023081609703 1.6563380281690172 0.010117850779541346 0.02
-0.45236989166241065 1.65633802816901 0.009952137616573034 0.02
-0.4411794804149806 1.6563380281690172 0.009705948569129572 0.02
-0.4335814839517618 1.65633802816901 0.00953879264693876 0.02
-0.4190674996998205 1.656338028169003 0.00921948499339605 0.02
-0.41481428312106017 1.6563380281690172 0.009125914228663323 0.02
-0.40710417205598876 1.6563380281690172 0.008956291785231753 0.02
-0.39608144156430747 1.6563380281690172 0.008713791714414764 0.02
-0.39287050746464774 1.6225352112676035 0.00864315116422225 0.02
-0.3820448374370518 1.690140845070431 0.00840498642361514 0.023902201054191868
-0.3773959672364249 1.5887323943661897 0.008302711279201347 0.023902201054191868
-0.36958637437281977 1.6563380281690172 0.008130900236202035 0.02
-0.36958637437281977 1.6563380281690172 0.008130900236202035 0.02
-0.35877067027057225 1.656338028169003 0.007892954745952589 0.02
-0.35091999741042856 1.6563380281690172 0.007720239943029428 0.02
-0.3480602716495644 1.6563380281690172 0.007657325976290416 0.02
-0.34021811164468324 1.6225352112676035 0.0074847984561830306 0.02
-0.3323321700177181 1.6563380281690172 0.007311307740389798 0.02
-0.3323321700177181 1.6563380281690172 0.007311307740389798 0.02
-0.3244030680696465 1.656338028169003 0.007136867497532224 0.02
-0.3244030680696465 1.6225352112676177 0.007136867497532224 0.02
-0.31383515242790877 1.656338028169003 0.006904373353413993 0.02
-0.3164314556251264 1.6563380281690172 0.006961492023752781 0.02
-0.30587887140485215 1.6225352112676035 0.006729335170906747 0.02
-0.30337991783948065 1.6563380281690172 0.006674358192468574 0.02
-0.29544083714372 1.6225352112676035 0.00649969841716184 0.02
-0.28984648991161976 1.6563380281690172 0.006376622778055635 0.02390220105419689
-0.28746320548528187 1.6225352112676035 0.0063241905206762004 0.02390220105419689
-0.28984648991161976 1.6563380281690172 0.006376622778055635 0.02
-0.2794477641263722 1.6225352112676035 0.006147850810780188 0.02
-0.2794477641263722 1.6563380281690172 0.006147850810780188 0.02
-0.26916749278570046 1.6225352112676035 0.005921684841285409 0.02
-0.26916749278570046 1.6563380281690172 0.005921684841285409 0.02
-0.26113887238256783 1.6563380281690172 0.005745055192416492 0.02
-0.26113887238256783 1.6225352112676035 0.005745055192416492 0.02
-0.25307565216460226 1.6225352112676035 0.0055676643476212494 0.02
-0.2551823906208184 1.6563380281690172 0.005614012593658004 0.02
-0.2551823906208184 1.6563380281690172 0.005614012593658004 0.02
-0.2429665934074984 1.656338028169003 0.005345265054964965 0.02
-0.24497866312686414 1.6225352112676035 0.005389530588791011 0.02
-0.24497866312686414 1.6225352112676177 0.005389530588791011 0.02
-0.23684876094692026 1.656338028169003 0.005210672740832245 0.02
-0.23684876094692026 1.6225352112676177 0.005210672740832245 0.02
-0.23684876094692026 1.6563380281690172 0.005210672740832245 0.02
-0.22868682567222423 1.6225352112676035 0.005031110164788933 0.02
-0.22868682567222423 1.6563380281690172 0.005031110164788933 0.02
-0.22679884805388587 1.6225352112676035 0.004989574657185488 0.02
-0.21866894587394195 1.6563380281690172 0.0048107168092267226 0.02
-0.2204937613666717 1.6225352112676035 0.004850862750066777 0.02
-0.21866894587394195 1.6563380281690172 0.0048107168092267226 0.02
-0.21050956212735614 1.6225352112676035 0.004631210366801835 0.02
-0.21050956212735614 1.6563380281690172 0.004631210366801835 0.02
-0.21050956212735614 1.6225352112676035 0.004631210366801835 0.02
-0.20232162837830375 1.6225352112676035 0.004451075824322683 0.02
-0.20232162837830375 1.6563380281690172 0.004451075824322683 0.02
-0.20232162837830375 1.5887323943661897 0.004451075824322683 0.02
-0.19410609803032688 1.7239436619718163 0.004270334156667191 0.02
-0.20232162837830375 1.5887323943662182 0.004451075824322683 0.02
-0.1925016348099795 1.6563380281690172 0.004235035965819549 0.02
-0.19410609803032688 1.6225352112676035 0.004270334156667191 0.02
-0.19410609803032688 1.6394366197183103 0.004270334156667191 0.03585330158128529
-0.18586394582193286 1.6563380281689888 0.004089006808082523 0.03585330158128529
-0.18586394582193286 1.6394366197183103 0.004089006808082523 0.03585330158128529
-0.18586394582193286 1.5887323943662182 0.004089006808082523 0.02390220105419689
-0.18173005655271038 1.6901408450704025 0.003998061244159628 0.02390220105419689
-0.18586394582193286 1.622535211267632 0.004089006808082523 0.02
-0.1775961672834879 1.5887323943661897 0.003907115680236733 0.02390220105419689
-0.1734499727196377 1.7239436619718163 0.003815899399832029 0.02390220105419689
-0.1775961672834879 1.605633802816925 0.00396566697470139 0.03585330158128529
-0.16930377815578745 1.6394366197183103 0.003724683119427324 0.03585330158128529
-0.16789592325037456 1.6225352112676035 0.00369371031150824 0.02
-0.16789592325037456 1.6563380281689888 0.00369371031150824 0.02
-0.16789592325037456 1.605633802816925 0.0037490635535968268 0.03585330158128529
-0.1630788720262623 1.6394366197183103 0.0035877351845777705 0.03585330158128529
-0.16098781377080748 1.6563380281690456 0.0035417319029577643 0.02
-0.15832750080842997 1.622535211267575 0.0034832050177854594 0.02
-0.15964666966066154 1.6225352112676035 0.0035122267325345537 0.02
1.368474698416593 1.859154929577465 0.030106443365165044 0.02
1.2809498368832768 1.8253521126760566 0.028180896411432087 0.02
1.2090670852749643 1.7577464788732389 0.026599475876049213 0.02
1.140718191739034 1.8253521126760575 0.02509580021825875 0.02
1.0774177040173745 1.7239436619718305 0.023703189488382237 0.02
1.0289502939684376 1.7577464788732389 0.022636906467305627 0.02
0.9758332788110025 1.7577464788732406 0.02146833213384205 0.02
0.9339952852466475 1.7239436619718305 0.020547896275426244 0.02
0.903888122555586 1.7239436619718305 0.019885538696222893 0.02
0.8621700546672264 1.6901408450704203 0.01896774120267898 0.02
0.8267946189469824 1.723943661971834 0.018189481616833612 0.02
0.7913152541034756 1.6901408450704203 0.017408935590276464 0.02
0.7674360235495911 1.7239436619718305 0.016883592518091003 0.02
0.7440017078479142 1.6901408450704238 0.01636803757265411 0.02
0.714090698612158 1.6901408450704238 0.015709995369467475 0.02
0.690446457054692 1.6901408450704203 0.015189822055203223 0.02
0.6786624907483126 1.6901408450704238 0.014930574796462877 0.02
0.6485346233296747 1.6901408450704238 0.014267761713252843 0.02
0.6350267353903137 1.6563380281690172 0.013970588178586901 0.02
0.6066051085945269 1.6901408450704238 0.013345312389079591 0.02
0.5996843151378045 1.65633802816901 0.013193054933031698 0.02
0.5809769580203017 1.6901408450704238 0.012781493076446637 0.02
0.5693131911006619 1.6901408450704238 0.012524890204214562 0.02
0.5505493997838679 1.6225352112676035 0.012112086795245091 0.02
0.5317240672588056 1.6901408450704238 0.011697929479693723 0.02
0.5274705837654604 1.6563380281690172 0.011604352842840128 0.02
0.5128502897712041 1.6901408450704238 0.011282706374966488 0.02
0.5013655614676703 1.6225352112675964 0.011030042352288745 0.02
0.4860319293400963 1.690140845070431 0.010692702445482118 0.02
0.478627761768176 1.65633802816901 0.010529810758899872 0.02
0.4636476090008061 1.6563380281690172 0.010200247398017734 0.02
0.4560719963496107 1.65633802816901 0.010033583919691435 0.02
0.4447819229791353 1.6563380281690172 0.009785202305540976 0.023902201054191868
0.4335814839517618 1.6563380281690172 0.00953879264693876 0.023902201054191868
0.4259296565339419 1.65633802816901 0.009370452443746721 0.02
0.4259296565339419 1.6563380281690172 0.009370452443746721 0.02
0.41145624341370224 1.65633802816901 0.009052037355101449 0.02
0.40710417205598876 1.656338028169003 0.008956291785231753 0.02
0.39608144156430747 1.6563380281690172 0.008713791714414764 0.02
0.388318718172466 1.6563380281690172 0.008543011799794251 0.02
0.3773959672364249 1.6225352112676035 0.008302711279201347 0.02
0.36958637437281977 1.6563380281690172 0.008130900236202035 0.02
0.36657538984417876 1.6563380281690172 0.008064658576571931 0.02
0.36172924151993224 1.656338028169003 0.00795804331343851 0.02
0.35091999741042856 1.6563380281690172 0.007720239943029428 0.02
0.35091999741042856 1.6225352112676035 0.007720239943029428 0.02
0.3430239404207034 1.6563380281690172 0.007546526689255474 0.02
0.3323321700177181 1.6563380281690172 0.007311307740389798 0.02
0.3244030680696465 1.6225352112676035 0.007136867497532224 0.02
0.3244030680696465 1.6563380281690172 0.007136867497532224 0.02
0.3164314556251264 1.6563380281690172 0.006961492023752781 0.02
0.3164314556251264 1.6563380281690172 0.006961492023752781 0.02
0.30587887140485215 1.6225352112676035 0.006729335170906747 0.02
0.29788240885294875 1.656338028169003 0.006553412994764872 0.02
0.29788240885294875 1.6225352112676177 0.006553412994764872 0.02
0.28984648991161976 1.656338028169003 0.006376622778055635 0.02
0.28984648991161976 1.6563380281690172 0.006376622778055635 0.02
0.28984648991161976 1.6563380281690172 0.006376622778055635 0.02
0.27716070733358933 1.6225352112676035 0.006097535561338965 0.02
0.27716070733358933 1.6563380281690172 0.006097535561338965 0.02
0.27139528080163583 1.6901408450704167 0.005970696177635988 0.02
0.26330654956916083 1.588732394366204 0.005792744090521538 0.02
0.26330654956916083 1.6225352112676035 0.005792744090521538 0.02
0.26330654956916083 1.656338028169003 0.005792744090521538 0.023902201054191868
0.25307565216460226 1.6225352112676177 0.0055676643476212494 0.023902201054191868
0.25307565216460226 1.6563380281690172 0.0055676643476212494 0.02
0.24497866312686414 1.6225352112676035 0.005389530588791011 0.02
0.2429665934074984 1.6225352112676035 0.005345265054964965 0.02
0.2429665934074984 1.690140845070431 0.005345265054964965 0.02
0.2348983594078165 1.6225352112676035 0.0051677639069719625 0.02
0.23684876094692026 1.656338028169003 0.005210672740832245 0.02
0.22868682567222423 1.588732394366204 0.005031110164788933 0.02
0.22868682567222423 1.6563380281690172 0.005031110164788933 0.02
0.22868682567222423 1.6563380281690172 0.005031110164788933 0.02
0.21866894587394195 1.656338028169003 0.0048107168092267226 0.023902201054191868
0.2204937613666717 1.6225352112676035 0.004850862750066777 0.023902201054191868
0.21866894587394195 1.6225352112676035 0.0048107168092267226 0.02
0.21050956212735614 1.6563380281690172 0.004631210366801835 0.02
0.21050956212735614 1.6225352112676035 0.004631210366801835 0.02
0.21050956212735614 1.6563380281690172 0.004631210366801835 0.02
0.20232162837830375 1.6563380281690172 0.004451075824322683 0.02
0.20232162837830375 1.6225352112676035 0.004451075824322683 0.02
0.20232162837830375 1.6563380281690172 0.004451075824322683 0.02
0.19410609803032688 1.6225352112676035 0.004270334156667191 0.02
0.19410609803032688 1.6563380281690172 0.004270334156667191 0.02
0.19410609803032688 1.6225352112676035 0.004270334156667191 0.02
0.18586394582193286 1.6225352112676035 0.004089006808082523 0.02
0.18586394582193286 1.6563380281690172 0.004089006808082523 0.02
0.18586394582193286 1.6563380281690172 0.004089006808082523 0.02
0.18586394582193286 1.6394366197183103 0.004089006808082523 0.035853301581295335
0.17612217382581954 1.6056338028168966 0.0039327531609338745 0.035853301581295335
0.1775961672834879 1.6563380281690172 0.003907115680236733 0.02
0.17612217382581954 1.6225352112676035 0.0038746878241680298 0.02
0.17612217382581954 1.6563380281690172 0.0038746878241680298 0.02
0.17612217382581954 1.6225352112676035 0.0038746878241680298 0.02
0.16789592325037456 1.6563380281690172 0.00369371031150824 0.02
0.16789592325037456 1.6225352112676035 0.00369371031150824 0.02
0.16789592325037456 1.6225352112676035 0.00369371031150824 0.02
0.15964666966066154 1.6563380281690172 0.0035122267325345537 0.02
0.15964666966066154 1.6225352112676035 0.0035122267325345537 0.02
0.15964666966066154 1.6563380281690172 0.0035122267325345537 0.02
0.15964666966066154 1.6225352112676035 0.0035122267325345537 0.02
0.15964666966066154 1.6563380281690172 0.0035122267325345537 0.02
0.15137544373402623 1.6225352112676035 0.003330259762148577 0.02
0.15137544373402623 1.6225352112676035 0.003330259762148577 0.02
0.15137544373402623 1.6563380281690172 0.003330259762148577 0.02
0.15137544373402623 1.6225352112676035 0.003330259762148577 0.02
0.15137544373402623 1.6225352112676035 0.003330259762148577 0.02
0.14189705460416394 1.6563380281690172 0.0031217352012916063 0.02
0.1430832936681563 1.5887323943661897 0.003147832460699439 0.02
0.1430832936681563 1.6563380281690172 0.003147832460699439 0.02
