-1.4443558295365069 1.859154929577465 0.03177582824980315 0.02
-1.331965127210239 1.8253521126760561 0.029303232798625258 0.02
-1.2543648711697701 1.8253521126760566 0.027596027165734942 0.02
-1.171453873112189 1.7915492957746482 0.025771985208468157 0.02
-1.1147243304452858 1.7577464788732389 0.024523935269796286 0.02
-1.0653479859212394 1.7577464788732406 0.023437655690267265 0.02
-1.0086095828948674 1.7577464788732389 0.02218941082368708 0.02
-0.9758332788110025 1.7239436619718305 0.02146833213384205 0.02
-0.9339952852466475 1.7239436619718287 0.020547896275426244 0.02
-0.8973540851399052 1.723943661971834 0.019741789873077915 0.02
-0.8567056281827387 1.7239436619718305 0.018847523820020248 0.02
-0.8267946189469824 1.6901408450704203 0.018189481616833612 0.02
-0.8089232343826652 1.6901408450704238 0.017796311156418634 0.02
-0.7853981633974483 1.7239436619718305 0.01727875959474386 0.02
-0.750118689803857 1.6563380281690137 0.016502611175684852 0.02
-0.7321939838539574 1.723943661971834 0.016108267644787063 0.02
-0.7086262721276703 1.6901408450704203 0.015589777986808745 0.02
-0.690446457054692 1.6563380281690137 0.015189822055203223 0.02
-0.6721128273807938 1.6901408450704238 0.014786482202377462 0.02
-0.6551867204330519 1.6563380281690172 0.014414107849527142 0.02
-0.6318543808578923 1.7239436619718305 0.013900796378873629 0.02
-0.6182963634663426 1.6563380281690172 0.013602519996259537 0.02
-0.6066051085945269 1.6901408450704238 0.013345312389079591 0.02
-0.5880026035475675 1.6901408450704167 0.012936057278046484 0.02
-0.5763752205911837 1.6225352112676106 0.012680254853006041 0.02
-0.5577088436287925 1.65633802816901 0.012269594559833433 0.02
-0.5461665634337878 1.6901408450704238 0.01201566439554333 0.02
-0.5389764998291462 1.6563380281690172 0.011857482996241215 0.02
-0.5274705837654604 1.65633802816901 0.011604352842840128 0.02
-0.5087298243155532 1.6563380281690172 0.01119205613494217 0.02
-0.49337862277752215 1.65633802816901 0.010854329701105487 0.02
-0.4860319293400963 1.6563380281690172 0.010692702445482118 0.02
-0.478627761768176 1.6563380281690172 0.010529810758899872 0.02
-0.47116626431311 1.65633802816901 0.01036565781488842 0.02
-0.4599023081609703 1.6563380281690172 0.010117850779541346 0.02
-0.45236989166241065 1.65633802816901 0.009952137616573034 0.02
-0.4411794804149806 1.6563380281690172 0.009705948569129572 0.02
-0.4335814839517618 1.65633802816901 0.00953879264693876 0.02
-0.4190674996998205 1.656338028169003 0.00921948499339605 0.02
-0.41481428312106017 1.6563380281690172 0.009125914228663323 0.02
-0.40710417205598876 1.6563380281690172 0.008956291785231753 0.02
-0.39608144156430747 1.6563380281690172 0.008713791714414764 0.02
-0.39287050746464774 1.6225352112676035 0.00864315116422225 0.02
-0.3820448374370518 1.690140845070431 0.03380281690140663 0.03380281690140663
-0.3773959672364249 1.5887323943661897 0.03380281690140663 0.03380281690140663
-0.36958637437281977 1.6563380281690172 0.008130900236202035 0.02
-0.36958637437281977 1.6563380281690172 0.008130900236202035 0.02
-0.35877067027057225 1.656338028169003 0.007892954745952589 0.02
-0.35091999741042856 1.6563380281690172 0.007720239943029428 0.02
-0.3480602716495644 1.6563380281690172 0.007657325976290416 0.02
-0.34021811164468324 1.6225352112676035 0.0074847984561830306 0.02
-0.3323321700177181 1.6563380281690172 0.007311307740389798 0.02
-0.3323321700177181 1.6563380281690172 0.007311307740389798 0.02
-0.3244030680696465 1.656338028169003 0.007136867497532224 0.02
-0.3244030680696465 1.6225352112676177 0.007136867497532224 0.02
-0.31383515242790877 1.656338028169003 0.006904373353413993 0.02
-0.3164314556251264 1.6563380281690172 0.006961492023752781 0.02
-0.30587887140485215 1.6225352112676035 0.006729335170906747 0.02
-0.30337991783948065 1.6563380281690172 0.006674358192468574 0.02
-0.29544083714372 1.6225352112676035 0.00649969841716184 0.02
-0.28984648991161976 1.6563380281690172 0.033802816901413735 0.033802816901413735
-0.28746320548528187 1.6225352112676035 0.033802816901413735 0.033802816901413735
-0.28984648991161976 1.6563380281690172 0.006376622778055635 0.02
-0.2794477641263722 1.6225352112676035 0.006147850810780188 0.02
-0.2794477641263722 1.6563380281690172 0.006147850810780188 0.02
-0.26916749278570046 1.6225352112676035 0.005921684841285409 0.02
-0.26916749278570046 1.6563380281690172 0.005921684841285409 0.02
-0.26113887238256783 1.6563380281690172 0.005745055192416492 0.02
-0.26113887238256783 1.6225352112676035 0.005745055192416492 0.02
-0.25307565216460226 1.6225352112676035 0.0055676643476212494 0.02
-0.2551823906208184 1.6563380281690172 0.005614012593658004 0.02
-0.2551823906208184 1.6563380281690172 0.005614012593658004 0.02
-0.2429665934074984 1.656338028169003 0.005345265054964965 0.02
-0.24497866312686414 1.6225352112676035 0.005389530588791011 0.02
-0.24497866312686414 1.6225352112676177 0.005389530588791011 0.02
-0.23684876094692026 1.656338028169003 0.005210672740832245 0.02
-0.23684876094692026 1.6225352112676177 0.005210672740832245 0.02
-0.23684876094692026 1.6563380281690172 0.005210672740832245 0.02
-0.22868682567222423 1.6225352112676035 0.005031110164788933 0.02
-0.22868682567222423 1.6563380281690172 0.005031110164788933 0.02
-0.22679884805388587 1.6225352112676035 0.004989574657185488 0.02
-0.21866894587394195 1.6563380281690172 0.0048107168092267226 0.02
-0.2204937613666717 1.6225352112676035 0.004850862750066777 0.02
-0.21866894587394195 1.6563380281690172 0.0048107168092267226 0.02
-0.21050956212735614 1.6225352112676035 0.004631210366801835 0.02
-0.21050956212735614 1.6563380281690172 0.004631210366801835 0.02
-0.21050956212735614 1.6225352112676035 0.004631210366801835 0.02
-0.20232162837830375 1.6225352112676035 0.004451075824322683 0.02
-0.20232162837830375 1.6563380281690172 0.004451075824322683 0.02
-0.20232162837830375 1.5887323943661897 0.004451075824322683 0.02
-0.19410609803032688 1.7239436619718163 0.004270334156667191 0.02
-0.20232162837830375 1.5887323943662182 0.004451075824322683 0.02
-0.1925016348099795 1.6563380281690172 0.004235035965819549 0.02
-0.19410609803032688 1.6225352112676035 0.004270334156667191 0.02
-0.19410609803032688 1.6394366197183103 0.05070422535210639 0.05070422535210639
-0.18586394582193286 1.6563380281689888 0.05070422535210639 0.05070422535210639
-0.18586394582193286 1.6394366197183103 0.05070422535210639 0.05070422535210639
-0.18586394582193286 1.5887323943662182 0.033802816901413735 0.033802816901413735
-0.18173005655271038 1.6901408450704025 0.033802816901413735 0.033802816901413735
-0.18586394582193286 1.622535211267632 0.004089006808082523 0.02
-0.1775961672834879 1.5887323943661897 0.033802816901413735 0.033802816901413735
-0.1734499727196377 1.7239436619718163 0.033802816901413735 0.033802816901413735
-0.1775961672834879 1.605633802816925 0.05070422535210639 0.05070422535210639
-0.16930377815578745 1.6394366197183103 0.05070422535210639 0.05070422535210639
-0.16789592325037456 1.6225352112676035 0.00369371031150824 0.02
-0.16789592325037456 1.6563380281689888 0.00369371031150824 0.02
-0.16789592325037456 1.605633802816925 0.05070422535210639 0.05070422535210639
-0.1630788720262623 1.6394366197183103 0.05070422535210639 0.05070422535210639
-0.16098781377080748 1.6563380281690456 0.0035417319029577643 0.02
-0.15832750080842997 1.622535211267575 0.0034832050177854594 0.02
-0.15964666966066154 1.6225352112676035 0.0035122267325345537 0.02
1.368474698416593 1.859154929577465 0.030106443365165044 0.02
1.2809498368832768 1.8253521126760566 0.028180896411432087 0.02
1.2090670852749643 1.7577464788732389 0.026599475876049213 0.02
1.140718191739034 1.8253521126760575 0.02509580021825875 0.02
1.0774177040173745 1.7239436619718305 0.023703189488382237 0.02
1.0289502939684376 1.7577464788732389 0.022636906467305627 0.02
0.9758332788110025 1.7577464788732406 0.02146833213384205 0.02
0.9339952852466475 1.7239436619718305 0.020547896275426244 0.02
0.903888122555586 1.7239436619718305 0.019885538696222893 0.02
0.8621700546672264 1.6901408450704203 0.01896774120267898 0.02
0.8267946189469824 1.723943661971834 0.018189481616833612 0.02
0.7913152541034756 1.6901408450704203 0.017408935590276464 0.02
0.7674360235495911 1.7239436619718305 0.016883592518091003 0.02
0.7440017078479142 1.6901408450704238 0.01636803757265411 0.02
0.714090698612158 1.6901408450704238 0.015709995369467475 0.02
0.690446457054692 1.6901408450704203 0.015189822055203223 0.02
0.6786624907483126 1.6901408450704238 0.014930574796462877 0.02
0.6485346233296747 1.6901408450704238 0.014267761713252843 0.02
0.6350267353903137 1.6563380281690172 0.013970588178586901 0.02
0.6066051085945269 1.6901408450704238 0.013345312389079591 0.02
0.5996843151378045 1.65633802816901 0.013193054933031698 0.02
0.5809769580203017 1.6901408450704238 0.012781493076446637 0.02
0.5693131911006619 1.6901408450704238 0.012524890204214562 0.02
0.5505493997838679 1.6225352112676035 0.012112086795245091 0.02
0.5317240672588056 1.6901408450704238 0.011697929479693723 0.02
0.5274705837654604 1.6563380281690172 0.011604352842840128 0.02
0.5128502897712041 1.6901408450704238 0.011282706374966488 0.02
0.5013655614676703 1.6225352112675964 0.011030042352288745 0.02
0.4860319293400963 1.690140845070431 0.010692702445482118 0.02
0.478627761768176 1.65633802816901 0.010529810758899872 0.02
0.4636476090008061 1.6563380281690172 0.010200247398017734 0.02
0.4560719963496107 1.65633802816901 0.010033583919691435 0.02
0.4447819229791353 1.6563380281690172 0.03380281690140663 0.03380281690140663
0.4335814839517618 1.6563380281690172 0.03380281690140663 0.03380281690140663
0.4259296565339419 1.65633802816901 0.009370452443746721 0.02
0.4259296565339419 1.6563380281690172 0.009370452443746721 0.02
0.41145624341370224 1.65633802816901 0.009052037355101449 0.02
0.40710417205598876 1.656338028169003 0.008956291785231753 0.02
0.39608144156430747 1.6563380281690172 0.008713791714414764 0.02
0.388318718172466 1.6563380281690172 0.008543011799794251 0.02
0.3773959672364249 1.6225352112676035 0.008302711279201347 0.02
0.36958637437281977 1.6563380281690172 0.008130900236202035 0.02
0.36657538984417876 1.6563380281690172 0.008064658576571931 0.02
0.36172924151993224 1.656338028169003 0.00795804331343851 0.02
0.35091999741042856 1.6563380281690172 0.007720239943029428 0.02
0.35091999741042856 1.6225352112676035 0.007720239943029428 0.02
0.3430239404207034 1.6563380281690172 0.007546526689255474 0.02
0.3323321700177181 1.6563380281690172 0.007311307740389798 0.02
0.3244030680696465 1.6225352112676035 0.007136867497532224 0.02
0.3244030680696465 1.6563380281690172 0.007136867497532224 0.02
0.3164314556251264 1.6563380281690172 0.006961492023752781 0.02
0.3164314556251264 1.6563380281690172 0.006961492023752781 0.02
0.30587887140485215 1.6225352112676035 0.006729335170906747 0.02
0.29788240885294875 1.656338028169003 0.006553412994764872 0.02
0.29788240885294875 1.6225352112676177 0.006553412994764872 0.02
0.28984648991161976 1.656338028169003 0.006376622778055635 0.02
0.28984648991161976 1.6563380281690172 0.006376622778055635 0.02
0.28984648991161976 1.6563380281690172 0.006376622778055635 0.02
0.27716070733358933 1.6225352112676035 0.006097535561338965 0.02
0.27716070733358933 1.6563380281690172 0.006097535561338965 0.02
0.27139528080163583 1.6901408450704167 0.005970696177635988 0.02
0.26330654956916083 1.588732394366204 0.005792744090521538 0.02
0.26330654956916083 1.6225352112676035 0.005792744090521538 0.02
0.26330654956916083 1.656338028169003 0.03380281690140663 0.03380281690140663
0.25307565216460226 1.6225352112676177 0.03380281690140663 0.03380281690140663
0.25307565216460226 1.6563380281690172 0.0055676643476212494 0.02
0.24497866312686414 1.6225352112676035 0.005389530588791011 0.02
0.2429665934074984 1.6225352112676035 0.005345265054964965 0.02
0.2429665934074984 1.690140845070431 0.005345265054964965 0.02
0.2348983594078165 1.6225352112676035 0.0051677639069719625 0.02
0.23684876094692026 1.656338028169003 0.005210672740832245 0.02
0.22868682567222423 1.588732394366204 0.005031110164788933 0.02
0.22868682567222423 1.6563380281690172 0.005031110164788933 0.02
0.22868682567222423 1.6563380281690172 0.005031110164788933 0.02
0.21866894587394195 1.656338028169003 0.03380281690140663 0.03380281690140663
0.2204937613666717 1.6225352112676035 0.03380281690140663 0.03380281690140663
0.21866894587394195 1.6225352112676035 0.0048107168092267226 0.02
0.21050956212735614 1.6563380281690172 0.004631210366801835 0.02
0.21050956212735614 1.6225352112676035 0.004631210366801835 0.02
0.21050956212735614 1.6563380281690172 0.004631210366801835 0.02
0.20232162837830375 1.6563380281690172 0.004451075824322683 0.02
0.20232162837830375 1.6225352112676035 0.004451075824322683 0.02
0.20232162837830375 1.6563380281690172 0.004451075824322683 0.02
0.19410609803032688 1.6225352112676035 0.004270334156667191 0.02
0.19410609803032688 1.6563380281690172 0.004270334156667191 0.02
0.19410609803032688 1.6225352112676035 0.004270334156667191 0.02
0.18586394582193286 1.6225352112676035 0.004089006808082523 0.02
0.18586394582193286 1.6563380281690172 0.004089006808082523 0.02
0.18586394582193286 1.6563380281690172 0.004089006808082523 0.02
0.18586394582193286 1.6394366197183103 0.0507042253521206 0.0507042253521206
0.17612217382581954 1.6056338028168966 0.0507042253521206 0.0507042253521206
0.1775961672834879 1.6563380281690172 0.003907115680236733 0.02
0.17612217382581954 1.6225352112676035 0.0038746878241680298 0.02
0.17612217382581954 1.6563380281690172 0.0038746878241680298 0.02
0.17612217382581954 1.6225352112676035 0.0038746878241680298 0.02
0.16789592325037456 1.6563380281690172 0.00369371031150824 0.02
0.16789592325037456 1.6225352112676035 0.00369371031150824 0.02
0.16789592325037456 1.6225352112676035 0.00369371031150824 0.02
0.15964666966066154 1.6563380281690172 0.0035122267325345537 0.02
0.15964666966066154 1.6225352112676035 0.0035122267325345537 0.02
0.15964666966066154 1.6563380281690172 0.0035122267325345537 0.02
0.15964666966066154 1.6225352112676035 0.0035122267325345537 0.02
0.15964666966066154 1.6563380281690172 0.0035122267325345537 0.02
0.15137544373402623 1.6225352112676035 0.003330259762148577 0.02
0.15137544373402623 1.6225352112676035 0.003330259762148577 0.02
0.15137544373402623 1.6563380281690172 0.003330259762148577 0.02
0.15137544373402623 1.6225352112676035 0.003330259762148577 0.02
0.15137544373402623 1.6225352112676035 0.003330259762148577 0.02
0.14189705460416394 1.6563380281690172 0.0031217352012916063 0.02
0.1430832936681563 1.5887323943661897 0.003147832460699439 0.02
0.1430832936681563 1.6563380281690172 0.003147832460699439 0.02
-1.468589608687643 1.859154929577465 0.03230897139112815 0.02
-1.366778347202348 1.8591549295774645 0.030069123638451656 0.02
-1.278527844183598 1.7915492957746482 0.028127612572039155 0.02
-1.2060615125304832 1.8253521126760557 0.026533353275670628 0.02
-1.1448666702609547 1.7577464788732398 0.025187066745741 0.02
-1.0882830317724197 1.7577464788732389 0.023942226698993232 0.02
-1.039072259536091 1.7239436619718322 0.022859589709794 0.02
-0.9898193687745949 1.7577464788732389 0.021776026113041087 0.02
-0.9475969968608307 1.7239436619718287 0.020847133930938275 0.02
-0.9104900774865703 1.723943661971834 0.020030781704704546 0.02
-0.8749781374110849 1.7239436619718305 0.019249519023043865 0.02
-0.8511714147810849 1.6901408450704203 0.01872577112518387 0.02
-0.8210972760767723 1.6901408450704238 0.01806414007368899 0.02
-0.7913152541034756 1.7239436619718305 0.017408935590276464 0.02
-0.7674360235495911 1.6901408450704238 0.016883592518091003 0.02
-0.7378150601204649 1.6901408450704238 0.016231931322650228 0.02
-0.7259445040887914 1.6901408450704203 0.01597077908995341 0.02
-0.702256931509007 1.6563380281690137 0.015449652493198154 0.02
-0.6839512080979647 1.6901408450704274 0.015046926578155224 0.02
-0.6603062493083264 1.6901408450704238 0.01452673748478318 0.02
-0.6485346233296747 1.65633802816901 0.014267761713252843 0.02
-0.6231993299340659 1.6901408450704238 0.01371038525854945 0.02
-0.6114175272111867 1.6563380281690172 0.013451185598646106 0.02
-0.5996843151378045 1.6901408450704238 0.013193054933031698 0.02
-0.5880026035475675 1.65633802816901 0.012936057278046484 0.02
-0.5693131911006619 1.6901408450704238 0.012524890204214562 0.02
-0.5577088436287925 1.6563380281690172 0.012269594559833433 0.02
-0.5389764998291462 1.6563380281690172 0.011857482996241215 0.02
-0.5274705837654604 1.65633802816901 0.011604352842840128 0.02
-0.5201910459456235 1.65633802816901 0.011444203010803716 0.02
-0.5087298243155532 1.6563380281690172 0.01119205613494217 0.02
-0.5013655614676703 1.65633802816901 0.011030042352288745 0.02
-0.4899573262537283 1.6901408450704238 0.010779061177582022 0.02
-0.478627761768176 1.6563380281690172 0.010529810758899872 0.02
-0.4636476090008061 1.6225352112676035 0.010200247398017734 0.02
-0.4560719963496107 1.6901408450704238 0.010033583919691435 0.02
-0.4447819229791353 1.6225352112676035 0.009785202305540976 0.02
-0.4447819229791353 1.65633802816901 0.009785202305540976 0.02
-0.4335814839517618 1.6563380281690172 0.00953879264693876 0.02
-0.4259296565339419 1.6563380281690172 0.009370452443746721 0.02
-0.41481428312106017 1.656338028169003 0.009125914228663323 0.02
-0.40710417205598876 1.6563380281690172 0.008956291785231753 0.02
-0.3993424536827075 1.6225352112676035 0.008785533981019564 0.02
-0.3915295526610869 1.6563380281690172 0.008613650158543911 0.02
-0.388318718172466 1.6563380281690172 0.008543011799794251 0.02
-0.3805063771123649 1.6563380281690172 0.008371140296472027 0.02
-0.36958637437281977 1.6225352112676035 0.008130900236202035 0.02
-0.36172924151993224 1.6563380281690172 0.00795804331343851 0.02
-0.36172924151993224 1.656338028169003 0.00795804331343851 0.02
-0.3538251121739431 1.6563380281690314 0.007784152467826747 0.02
-0.35091999741042856 1.6225352112675893 0.007720239943029428 0.02
-0.3430239404207034 1.6563380281690172 0.007546526689255474 0.02
-0.33508309769078787 1.6563380281690172 0.007371828149197333 0.02
-0.33508309769078787 1.6563380281690172 0.007371828149197333 0.02
-0.32709809700579284 1.656338028169003 0.007196158134127442 0.02
-0.3190695956723733 1.6225352112676177 0.007019531104792212 0.02
-0.3084180111024965 1.6225352112676035 0.006785196244254923 0.02
-0.3084180111024965 1.6563380281690172 0.006785196244254923 0.02
-0.3084180111024965 1.6225352112676035 0.006785196244254923 0.02
-0.3084180111024965 1.6225352112676035 0.006785196244254923 0.02
-0.3003634415449125 1.6901408450704167 0.006607995713988075 0.02
-0.29788240885294875 1.6225352112676035 0.006553412994764872 0.02
-0.28984648991161976 1.6563380281690172 0.006376622778055635 0.02
-0.28984648991161976 1.6563380281690172 0.006376622778055635 0.02
-0.28177186727335213 1.6225352112676035 0.006198981080013747 0.02
-0.28177186727335213 1.6563380281690172 0.006198981080013747 0.02
-0.2736593210820904 1.6225352112676035 0.006020505063805988 0.02
-0.2736593210820904 1.6563380281690172 0.006020505063805988 0.02
-0.2655096587899116 1.6225352112676035 0.0058412124933780556 0.02
-0.26330654956916083 1.6563380281690172 0.005792744090521538 0.02
-0.26330654956916083 1.6225352112676177 0.005792744090521538 0.02
-0.2551823906208184 1.656338028169003 0.005614012593658004 0.02
-0.2551823906208184 1.6563380281690172 0.005614012593658004 0.02
-0.2551823906208184 1.656338028169003 0.005614012593658004 0.02
-0.24702365005121815 1.588732394366204 0.005434520301126799 0.02
-0.24702365005121815 1.6563380281690172 0.005434520301126799 0.02
-0.24702365005121815 1.656338028169003 0.005434520301126799 0.02
-0.2408464552414116 1.6225352112676035 0.005298622015311055 0.02
-0.23883119958465762 1.6225352112676035 0.005254286390862468 0.02
-0.23684876094692026 1.6225352112676035 0.005210672740832245 0.02
-0.2306059362595526 1.6563380281690172 0.0050733305977101574 0.02
-0.22868682567222423 1.6563380281690172 0.005031110164788933 0.02
-0.22868682567222423 1.6225352112676035 0.005031110164788933 0.02
-0.2204937613666717 1.6563380281690172 0.004850862750066777 0.02
-0.2204937613666717 1.6225352112676035 0.004850862750066777 0.02
-0.2204937613666717 1.6563380281690172 0.004850862750066777 0.02
-0.212270495716091 1.6225352112676035 0.004669950905754001 0.02
-0.212270495716091 1.6563380281690172 0.004669950905754001 0.02
-0.212270495716091 1.6225352112676035 0.004669950905754001 0.02
-0.212270495716091 1.6563380281690172 0.004669950905754001 0.02
-0.20401797959254858 1.6225352112676035 0.004488395551036068 0.02
-0.20401797959254858 1.6563380281690172 0.004488395551036068 0.02
-0.1957371865774664 1.6394366197183103 0.0507042253521206 0.0507042253521206
-0.1957371865774664 1.6056338028168966 0.0507042253521206 0.0507042253521206
-0.1957371865774664 1.6225352112676035 0.0043062181047042606 0.02
-0.1957371865774664 1.6563380281690172 0.0043062181047042606 0.02
-0.1957371865774664 1.6225352112676035 0.033802816901399524 0.033802816901399524
-0.1874291124436737 1.6563380281690456 0.033802816901399524 0.033802816901399524
-0.1874291124436737 1.622535211267575 0.004123440473760821 0.02
-0.1874291124436737 1.6563380281690172 0.004123440473760821 0.02
-0.17909477459664214 1.6225352112676035 0.003940085041126127 0.02
-0.17909477459664214 1.6563380281690172 0.003940085041126127 0.02
-0.1775961672834879 1.6225352112676035 0.003907115680236733 0.02
-0.1775961672834879 1.6563380281690172 0.003907115680236733 0.02
-0.16930377815578745 1.6225352112676035 0.003724683119427324 0.02
-0.1707352114752828 1.6225352112676035 0.0037561746524562216 0.02
-0.16930377815578745 1.6563380281690172 0.003724683119427324 0.02
-0.16930377815578745 1.6225352112676035 0.003724683119427324 0.02
-0.16930377815578745 1.6563380281690456 0.003724683119427324 0.02
-0.16930377815578745 1.5718309859154544 0.05070422535210639 0.05070422535210639
1.3917015521982545 1.859154929577465 0.030617434148361596 0.02
1.2971370057128062 1.8253521126760566 0.028537014125681735 0.02
1.2169712146209535 1.7915492957746473 0.026773366721660974 0.02
1.1525719972156676 1.791549295774649 0.025356583938744685 0.02
1.0882830317724197 1.7577464788732389 0.023942226698993232 0.02
1.0318198269657504 1.7577464788732389 0.022700036193246505 0.02
0.9851522094403643 1.7239436619718322 0.021673348607688013 0.02
0.9357695914045828 1.7577464788732389 0.02058693101090082 0.02
0.9053021487624722 1.7239436619718305 0.019916647272774386 0.02
0.8695364039286193 1.6901408450704203 0.019129800886429623 0.02
0.8272898084933772 1.723943661971834 0.0182003757868543 0.02
0.7974457732516343 1.6901408450704203 0.017543807011535954 0.02
0.7674360235495911 1.6901408450704238 0.016883592518091003 0.02
0.7435065183015194 1.7239436619718305 0.016357143402633424 0.02
0.7196249120138116 1.6901408450704238 0.015831748064303854 0.02
0.7012599228662774 1.6901408450704203 0.015427718303058101 0.02
0.6707516016847958 1.6901408450704238 0.014756535237065506 0.02
0.6536358969195218 1.6563380281690208 0.01437998973222948 0.02
0.6350267353903137 1.6901408450704167 0.013970588178586901 0.02
0.6162969373960713 1.6901408450704238 0.013558532622713568 0.02
0.5974585864753968 1.6563380281690172 0.01314408890245873 0.02
0.5856441173545324 1.6901408450704238 0.012884170581799711 0.02
0.5738858942964037 1.6563380281690172 0.01262548967452088 0.02
0.5549957273385867 1.6901408450704167 0.012209906001448907 0.02
0.5433264688263294 1.6563380281690172 0.011953182314179247 0.02
0.5244092235441183 1.65633802816901 0.011537002917970603 0.02
0.5128502897712041 1.6563380281690172 0.011282706374966488 0.02
0.5013655614676703 1.65633802816901 0.011030042352288745 0.02
0.48645734054528994 1.6901408450704238 0.010702061491996378 0.02
0.47501075626509687 1.6563380281690172 0.01045023663783213 0.02
0.46744987204615696 1.65633802816901 0.010283897185015453 0.02
0.4560719963496107 1.6563380281690172 0.010033583919691435 0.02
0.4447819229791353 1.65633802816901 0.009785202305540976 0.02
0.43713866872033735 1.6563380281690172 0.009617050711847422 0.02
0.4259296565339419 1.6563380281690172 0.009370452443746721 0.02
0.4182243295792291 1.65633802816901 0.00920093525074304 0.02
0.41046586456376605 1.65633802816901 0.009030249020402852 0.02
0.3993424536827075 1.6563380281690172 0.008785533981019564 0.02
0.3915295526610869 1.656338028169003 0.008613650158543911 0.02
0.38366592426060625 1.6225352112676177 0.008440650333733337 0.02
0.3805063771123649 1.656338028169003 0.008371140296472027 0.02
0.3726449038498295 1.6563380281690172 0.00819818788469625 0.02
0.3647348142644133 1.6563380281690172 0.008024165913817091 0.02
0.3538251121739431 1.6563380281690172 0.007784152467826747 0.02
0.3538251121739431 1.6225352112676035 0.007784152467826747 0.02
0.34587455983724136 1.6563380281690172 0.00760924031641931 0.02
0.33508309769078787 1.656338028169003 0.007371828149197333 0.02
0.33508309769078787 1.6563380281690172 0.007371828149197333 0.02
0.32709809700579284 1.6563380281690172 0.007196158134127442 0.02
0.3190695956723733 1.6225352112676035 0.007019531104792212 0.02
0.3164314556251264 1.6563380281690172 0.006961492023752781 0.02
0.3084180111024965 1.6225352112676035 0.006785196244254923 0.02
0.3084180111024965 1.6563380281690172 0.006785196244254923 0.02
0.3003634415449125 1.6563380281690172 0.006607995713988075 0.02
0.3003634415449125 1.6732394366197099 0.0507042253521135 0.0507042253521135
0.28984648991161976 1.6056338028169108 0.0507042253521135 0.0507042253521135
0.28177186727335213 1.656338028169003 0.006198981080013747 0.02
0.28177186727335213 1.6225352112676177 0.006198981080013747 0.02
0.28177186727335213 1.656338028169003 0.006198981080013747 0.02
0.2736593210820904 1.6225352112676177 0.006020505063805988 0.02
0.2655096587899116 1.6901408450704167 0.0058412124933780556 0.02
0.2655096587899116 1.6225352112676035 0.0058412124933780556 0.02
0.2655096587899116 1.6225352112676035 0.0058412124933780556 0.02
0.2551823906208184 1.6563380281690172 0.005614012593658004 0.02
0.2551823906208184 1.6225352112676035 0.005614012593658004 0.02
0.24702365005121815 1.6563380281690172 0.005434520301126799 0.02
0.24702365005121815 1.6394366197183103 0.05070422535210639 0.05070422535210639
0.23883119958465762 1.6394366197183103 0.05070422535210639 0.05070422535210639
0.23883119958465762 1.6563380281690172 0.005254286390862468 0.02
0.23684876094692026 1.6225352112676035 0.005210672740832245 0.02
0.22868682567222423 1.6225352112676035 0.005031110164788933 0.02
0.2306059362595526 1.6563380281690172 0.0050733305977101574 0.02
0.2204937613666717 1.6563380281690172 0.004850862750066777 0.02
0.2204937613666717 1.6225352112676035 0.004850862750066777 0.02
0.2223487820699473 1.6563380281690172 0.00489167320553884 0.02
0.2204937613666717 1.6225352112676035 0.004850862750066777 0.02
0.212270495716091 1.6563380281690172 0.004669950905754001 0.02
0.212270495716091 1.6225352112676035 0.004669950905754001 0.02
0.20401797959254858 1.6563380281690172 0.004488395551036068 0.02
0.20401797959254858 1.5887323943661897 0.004488395551036068 0.02
0.20401797959254858 1.6563380281690172 0.004488395551036068 0.02
0.1957371865774664 1.6563380281690172 0.0043062181047042606 0.02
0.1957371865774664 1.6225352112676035 0.0043062181047042606 0.02
0.19410609803032688 1.6563380281690172 0.004270334156667191 0.02
0.1874291124436737 1.6225352112676035 0.004123440473760821 0.02
0.1874291124436737 1.690140845070431 0.004123440473760821 0.02
0.1957371865774664 1.6225352112676035 0.06760563380281326 0.06760563380281326
0.17909477459664214 1.6901408450704025 0.06760563380281326 0.06760563380281326
0.17909477459664214 1.5887323943662182 0.003940085041126127 0.02
0.17909477459664214 1.622535211267575 0.033802816901399524 0.033802816901399524
0.17909477459664214 1.622535211267632 0.033802816901399524 0.033802816901399524
0.1775961672834879 1.6563380281689888 0.003907115680236733 0.02
0.16930377815578745 1.622535211267632 0.003724683119427324 0.02
0.16930377815578745 1.6563380281690172 0.003724683119427324 0.02
0.16930377815578745 1.6225352112676035 0.003724683119427324 0.02
0.16930377815578745 1.6901408450704025 0.003724683119427324 0.02
0.16235148191281495 1.5887323943662182 0.003571732602081929 0.02
0.16098781377080748 1.6225352112676035 0.0035417319029577643 0.02
0.16098781377080748 1.6563380281690172 0.0035417319029577643 0.02
0.16098781377080748 1.6225352112676035 0.0035417319029577643 0.02
0.15264932839526515 1.6563380281690172 0.003358285224695833 0.02
0.15264932839526515 1.6225352112676035 0.003358285224695833 0.02
0.15264932839526515 1.6563380281690172 0.003358285224695833 0.02
0.15264932839526515 1.6225352112676035 0.003358285224695833 0.02
0.15264932839526515 1.6225352112676035 0.003358285224695833 0.02
0.14428939453774245 1.6563380281690172 0.0031743666798303336 0.02
0.14428939453774245 1.6225352112676035 0.0031743666798303336 0.02
0.14428939453774245 1.6225352112676035 0.0031743666798303336 0.02
0.14428939453774245 1.690140845070431 0.0031743666798303336 0.02
0.14428939453774245 1.6225352112676035 0.0031743666798303336 0.02
-1.519559159391478 1.8929577464788734 0.03343030150661251 0.02
-1.4014925486391092 1.8591549295774645 0.0308328360700604 0.02
-1.3156139361740782 1.7915492957746482 0.02894350659582972 0.02
-1.2357132291041089 1.8253521126760557 0.027185691040290394 0.02
-1.174714885230589 1.7577464788732398 0.025843727475072957 0.02
-1.1108940186339262 1.791549295774649 0.024439668409946377 0.02
-1.0620665024793434 1.7577464788732389 0.023365463054545555 0.02
-1.013087483166104 1.7239436619718305 0.022287924629654288 0.02
-0.9711120116570922 1.7239436619718305 0.021364464256456026 0.02
-0.9289815570439169 1.7239436619718305 0.020437594254966173 0.02
-0.8921338360465839 1.7239436619718305 0.019626944393024846 0.02
-0.8630858053269945 1.723943661971827 0.01898788771719388 0.02
-0.8267946189469824 1.6901408450704274 0.018189481616833612 0.02
-0.7973023629557582 1.6901408450704238 0.01754065198502668 0.02
-0.7734939638391385 1.6901408450704203 0.017016867204461047 0.02
-0.7496990507181244 1.6901408450704238 0.016493379115798734 0.02
-0.7259445040887914 1.6901408450704238 0.01597077908995341 0.02
-0.7012599228662774 1.6901408450704203 0.015427718303058101 0.02
-0.6839512080979647 1.690140845070431 0.015046926578155224 0.02
-0.6654941780324244 1.6901408450704167 0.014640871916713335 0.02
-0.6485346233296747 1.6563380281690172 0.014267761713252843 0.02
-0.6300339095459151 1.6901408450704238 0.013860746010010132 0.02
-0.6114175272111867 1.65633802816901 0.013451185598646106 0.02
-0.5949630479838942 1.6563380281690172 0.013089187055645672 0.02
-0.5809769580203017 1.6901408450704238 0.012781493076446637 0.02
-0.5693131911006619 1.65633802816901 0.012524890204214562 0.02
-0.5505493997838679 1.6901408450704238 0.012112086795245091 0.02
-0.5389764998291462 1.6563380281690172 0.011857482996241215 0.02
-0.5317240672588056 1.65633802816901 0.011697929479693723 0.02
-0.5201910459456235 1.6563380281690172 0.011444203010803716 0.02
-0.5087298243155532 1.65633802816901 0.01119205613494217 0.02
-0.4899573262537283 1.6563380281690172 0.010779061177582022 0.02
-0.4825132950224769 1.6563380281690172 0.010615292490494492 0.02
-0.47501075626509687 1.65633802816901 0.01045023663783213 0.02
-0.4636476090008061 1.6563380281690172 0.010200247398017734 0.02
-0.45236989166241065 1.65633802816901 0.009952137616573034 0.02
-0.4447819229791353 1.6563380281690172 0.009785202305540976 0.02
-0.4335814839517618 1.656338028169003 0.00953879264693876 0.02
-0.4259296565339419 1.6563380281690172 0.009370452443746721 0.02
-0.4259296565339419 1.6563380281690172 0.009370452443746721 0.02
-0.41481428312106017 1.6563380281690172 0.009125914228663323 0.02
-0.40710417205598876 1.656338028169003 0.008956291785231753 0.02
-0.3993424536827075 1.6563380281690172 0.008785533981019564 0.02
-0.388318718172466 1.6563380281690172 0.008543011799794251 0.02
-0.388318718172466 1.6225352112676035 0.008543011799794251 0.02
-0.3805063771123649 1.6563380281690172 0.008371140296472027 0.02
-0.36958637437281977 1.6563380281690172 0.008130900236202035 0.02
-0.36958637437281977 1.6225352112676035 0.008130900236202035 0.02
-0.36172924151993224 1.6563380281690172 0.00795804331343851 0.02
-0.3538251121739431 1.656338028169003 0.007784152467826747 0.02
-0.34587455983724136 1.6225352112676177 0.00760924031641931 0.02
-0.3430239404207034 1.656338028169003 0.007546526689255474 0.02
-0.33508309769078787 1.6563380281690172 0.007371828149197333 0.02
-0.33508309769078787 1.6225352112676035 0.007371828149197333 0.02
-0.3244030680696465 1.6563380281690172 0.007136867497532224 0.02
-0.3244030680696465 1.6563380281690172 0.007136867497532224 0.02
-0.3164314556251264 1.6225352112676035 0.006961492023752781 0.02
-0.3164314556251264 1.6563380281690172 0.006961492023752781 0.02
-0.3084180111024965 1.6225352112676035 0.033802816901413735 0.033802816901413735
-0.3003634415449125 1.656338028169003 0.033802816901413735 0.033802816901413735
-0.29788240885294875 1.6563380281690314 0.006553412994764872 0.02
-0.29788240885294875 1.6225352112676035 0.006553412994764872 0.02
-0.28984648991161976 1.656338028169003 0.006376622778055635 0.02
-0.28177186727335213 1.6563380281690172 0.006198981080013747 0.02
-0.2736593210820904 1.6225352112676035 0.006020505063805988 0.02
-0.2736593210820904 1.6563380281690172 0.03380281690140663 0.03380281690140663
-0.2736593210820904 1.6225352112676035 0.03380281690140663 0.03380281690140663
-0.2736593210820904 1.6563380281690172 0.006020505063805988 0.02
-0.2655096587899116 1.6225352112676035 0.0058412124933780556 0.02
-0.26330654956916083 1.6225352112676035 0.005792744090521538 0.02
-0.2551823906208184 1.6563380281690172 0.005614012593658004 0.02
-0.2551823906208184 1.6563380281690172 0.005614012593658004 0.02
-0.2551823906208184 1.6225352112676035 0.005614012593658004 0.02
-0.24702365005121815 1.6563380281690172 0.005434520301126799 0.02
-0.24702365005121815 1.6225352112676035 0.005434520301126799 0.02
-0.24702365005121815 1.6563380281690172 0.033802816901413735 0.033802816901413735
-0.23883119958465762 1.6225352112676035 0.033802816901413735 0.033802816901413735
-0.23883119958465762 1.6563380281690172 0.005254286390862468 0.02
-0.23684876094692026 1.6225352112676035 0.005210672740832245 0.02
-0.22868682567222423 1.6563380281690172 0.005031110164788933 0.02
-0.22868682567222423 1.6225352112676035 0.005031110164788933 0.02
-0.2204937613666717 1.6563380281690172 0.004850862750066777 0.02
-0.2204937613666717 1.6225352112676035 0.004850862750066777 0.02
-0.2204937613666717 1.6225352112676035 0.004850862750066777 0.02
-0.212270495716091 1.6563380281690172 0.004669950905754001 0.02
-0.212270495716091 1.6563380281690172 0.004669950905754001 0.02
-0.212270495716091 1.6225352112676035 0.004669950905754001 0.02
-0.212270495716091 1.6225352112676035 0.004669950905754001 0.02
-0.20401797959254858 1.6563380281690172 0.033802816901413735 0.033802816901413735
-0.20401797959254858 1.6225352112676035 0.033802816901413735 0.033802816901413735
-0.20401797959254858 1.6563380281690172 0.004488395551036068 0.02
-0.20401797959254858 1.6225352112676035 0.004488395551036068 0.02
-0.20232162837830375 1.6225352112676035 0.004451075824322683 0.02
-0.19739555984988075 1.673239436619724 0.0507042253521206 0.0507042253521206
-0.19739555984988075 1.6394366197183103 0.0507042253521206 0.0507042253521206
-0.1957371865774664 1.6225352112676035 0.0043062181047042606 0.02
-0.1874291124436737 1.6563380281690172 0.004123440473760821 0.02
-0.1874291124436737 1.6225352112676035 0.004123440473760821 0.02
-0.18586394582193286 1.6225352112676035 0.004089006808082523 0.02
-0.18586394582193286 1.6563380281690172 0.004089006808082523 0.02
-0.17909477459664214 1.690140845070431 0.003940085041126127 0.02
-0.17909477459664214 1.5887323943661897 0.003940085041126127 0.02
-0.1775961672834879 1.5887323943661897 0.003907115680236733 0.02
-0.1775961672834879 1.690140845070431 0.003907115680236733 0.02
-0.1775961672834879 1.6225352112676035 0.003907115680236733 0.02
-0.16930377815578745 1.6225352112676035 0.003724683119427324 0.02
-0.16930377815578745 1.6563380281690172 0.003724683119427324 0.02
-0.1707352114752828 1.6225352112676035 0.0037561746524562216 0.02
1.4168516623365468 1.8929577464788734 0.03117073657140403 0.02
1.3195807383028326 1.8253521126760566 0.029030776242662315 0.02
1.2409596952686812 1.7915492957746473 0.027301113295910985 0.02
1.1681416732430239 1.791549295774649 0.025699116811346522 0.02
1.1033464547487397 1.7915492957746473 0.02427362200447227 0.02
1.0463871032507783 1.7577464788732389 0.023020516271517123 0.02
0.9922721123771914 1.7577464788732406 0.02182998647229821 0.02
0.9544993893988254 1.7239436619718305 0.020998986566774156 0.02
0.9119902906774204 1.7239436619718287 0.02006378639490325 0.02
0.8760580505981934 1.7239436619718305 0.019273277113160254 0.02
0.8335536764573638 1.6901408450704238 0.018338180882062002 0.02
0.8033603032453056 1.7239436619718305 0.017673926671396722 0.02
0.7733505535432623 1.6901408450704238 0.01701371217795177 0.02
0.7492693128846728 1.7239436619718305 0.0164839248834628 0.02
0.7252299122424386 1.6563380281690137 0.015955058069333648 0.02
0.7012599228662774 1.7239436619718305 0.015427718303058101 0.02
0.6839512080979647 1.6563380281690172 0.015046926578155224 0.02
0.6588060361174762 1.6901408450704238 0.014493732794584477 0.02
0.6350267353903137 1.6901408450704238 0.013970588178586901 0.02
0.6162969373960713 1.6563380281690172 0.013558532622713568 0.02
0.6044717026433267 1.6901408450704167 0.013298377458153187 0.02
0.5856441173545324 1.6563380281690172 0.012884170581799711 0.02
0.5738858942964037 1.6901408450704238 0.01262548967452088 0.02
0.5549957273385867 1.65633802816901 0.012209906001448907 0.02
0.5433264688263294 1.6901408450704238 0.011953182314179247 0.02
0.5317240672588056 1.6563380281690172 0.011697929479693723 0.02
0.5128502897712041 1.65633802816901 0.011282706374966488 0.02
0.5013655614676703 1.6563380281690172 0.011030042352288745 0.02
0.49394136891958124 1.65633802816901 0.010866710116230787 0.02
0.4825132950224769 1.6901408450704238 0.010615292490494492 0.02
0.47501075626509687 1.6563380281690172 0.01045023663783213 0.02
0.4636476090008061 1.65633802816901 0.010200247398017734 0.02
0.4560719963496107 1.6563380281690172 0.010033583919691435 0.02
0.4447819229791353 1.6563380281690172 0.009785202305540976 0.02
0.43713866872033735 1.65633802816901 0.009617050711847422 0.02
0.4259296565339419 1.6563380281690172 0.009370452443746721 0.02
0.4182243295792291 1.6225352112676035 0.00920093525074304 0.02
0.40710417205598876 1.6901408450704167 0.008956291785231753 0.02
0.3993424536827075 1.6225352112676035 0.008785533981019564 0.02
0.388318718172466 1.6901408450704167 0.008543011799794251 0.02
0.3805063771123649 1.6225352112676177 0.008371140296472027 0.02
0.3726449038498295 1.656338028169003 0.00819818788469625 0.02
0.36958637437281977 1.6563380281690172 0.008130900236202035 0.02
0.36172924151993224 1.656338028169003 0.00795804331343851 0.02
0.3538251121739431 1.6563380281690314 0.007784152467826747 0.02
0.3538251121739431 1.6225352112676035 0.007784152467826747 0.02
0.3430239404207034 1.6563380281690172 0.007546526689255474 0.02
0.33508309769078787 1.6225352112676035 0.007371828149197333 0.02
0.32709809700579284 1.6563380281690172 0.007196158134127442 0.02
0.32709809700579284 1.656338028169003 0.007196158134127442 0.02
0.3164314556251264 1.6563380281690172 0.006961492023752781 0.02
0.3164314556251264 1.6563380281690172 0.006961492023752781 0.02
0.3084180111024965 1.6225352112676035 0.006785196244254923 0.02
0.3003634415449125 1.6563380281690172 0.006607995713988075 0.02
0.3003634415449125 1.6225352112676035 0.006607995713988075 0.02
0.28984648991161976 1.6563380281690172 0.006376622778055635 0.02
0.28984648991161976 1.6563380281690172 0.006376622778055635 0.02
0.28177186727335213 1.6225352112676035 0.006198981080013747 0.02
0.28177186727335213 1.6563380281690172 0.006198981080013747 0.02
0.2736593210820904 1.656338028169003 0.006020505063805988 0.02
0.2736593210820904 1.6225352112676177 0.006020505063805988 0.02
0.2655096587899116 1.656338028169003 0.0058412124933780556 0.02
0.2655096587899116 1.6225352112676177 0.0058412124933780556 0.02
0.25732371497108864 1.656338028169003 0.005661121729363949 0.02
0.26330654956916083 1.6225352112676177 0.005792744090521538 0.02
0.2551823906208184 1.656338028169003 0.005614012593658004 0.02
0.24702365005121815 1.6225352112676035 0.005434520301126799 0.02
0.24702365005121815 1.6563380281690172 0.005434520301126799 0.02
0.24702365005121815 1.6563380281690172 0.005434520301126799 0.02
0.23883119958465762 1.6225352112676035 0.005254286390862468 0.02
0.23883119958465762 1.6563380281690172 0.005254286390862468 0.02
0.22868682567222423 1.6225352112676035 0.005031110164788933 0.02
0.2306059362595526 1.6563380281690172 0.0050733305977101574 0.02
0.2204937613666717 1.6225352112676035 0.004850862750066777 0.02
0.2204937613666717 1.6563380281690172 0.004850862750066777 0.02
0.2204937613666717 1.6225352112676177 0.004850862750066777 0.02
0.2204937613666717 1.6563380281689888 0.004850862750066777 0.02
0.212270495716091 1.6225352112676035 0.004669950905754001 0.02
0.212270495716091 1.622535211267632 0.004669950905754001 0.02
0.212270495716091 1.6563380281689888 0.004669950905754001 0.02
0.20401797959254858 1.622535211267632 0.004488395551036068 0.02
0.20401797959254858 1.6901408450704025 0.004488395551036068 0.02
0.20401797959254858 1.5887323943662182 0.004488395551036068 0.02
0.1957371865774664 1.6563380281689888 0.0043062181047042606 0.02
0.1957371865774664 1.5887323943662182 0.0043062181047042606 0.02
0.1874291124436737 1.6901408450704025 0.004123440473760821 0.02
0.1874291124436737 1.5887323943662182 0.033802816901399524 0.033802816901399524
0.1832619435201579 1.6901408450704025 0.033802816901399524 0.033802816901399524
0.18586394582193286 1.6225352112676035 0.004089006808082523 0.02
0.1775961672834879 1.6563380281690172 0.003907115680236733 0.02
0.17909477459664214 1.6225352112676035 0.003940085041126127 0.02
0.1775961672834879 1.6563380281690172 0.003907115680236733 0.02
0.16930377815578745 1.6225352112676035 0.003724683119427324 0.02
0.1775961672834879 1.6225352112676035 0.003907115680236733 0.02
0.16930377815578745 1.6563380281690172 0.003724683119427324 0.02
0.1707352114752828 1.6225352112676035 0.0037561746524562216 0.02
0.16930377815578745 1.6563380281690172 0.003724683119427324 0.02
0.16098781377080748 1.6225352112676035 0.0035417319029577643 0.02
0.16098781377080748 1.6563380281690172 0.0035417319029577643 0.02
0.16098781377080748 1.6225352112676035 0.0035417319029577643 0.02
0.16098781377080748 1.6563380281690172 0.0035417319029577643 0.02
0.16098781377080748 1.6225352112676035 0.0035417319029577643 0.02
0.15264932839526515 1.622535211267575 0.003358285224695833 0.02
0.15264932839526515 1.6563380281690456 0.003358285224695833 0.02
0.15264932839526515 1.6225352112676035 0.003358285224695833 0.02
0.15264932839526515 1.6563380281690172 0.003358285224695833 0.02
0.15394466445834992 1.6225352112676035 0.003386782618083698 0.02
-1.519992622736675 1.8929577464788734 0.033439837700206844 0.02
-1.4000611153196139 1.8591549295774645 0.030801344537031504 0.02
-1.3030472727742226 1.7915492957746482 0.028667040001032897 0.02
-1.2220253232109897 1.7915492957746482 0.02688455711064177 0.02
-1.1491088075979958 1.7915492957746473 0.025280393767155906 0.02
-1.0918827282473107 1.7577464788732389 0.024021420021440833 0.02
-1.0377622166174065 1.7577464788732406 0.022830768765582942 0.02
-0.9875669566860051 1.7577464788732389 0.02172647304709211 0.02
-0.9544993893988254 1.7239436619718305 0.020998986566774156 0.02
-0.9119902906774204 1.7239436619718305 0.02006378639490325 0.02
-0.8814868789148153 1.6901408450704238 0.019392711336125936 0.02
-0.8455664145524581 1.7239436619718305 0.018602461120154075 0.02
-0.8153293417512567 1.7239436619718305 0.017937245518527645 0.02
-0.7913861157813615 1.6901408450704238 0.01741049454718995 0.02
-0.7674360235495911 1.6901408450704203 0.016883592518091003 0.02
-0.7435065183015194 1.6901408450704238 0.016357143402633424 0.02
-0.7259445040887914 1.6901408450704238 0.01597077908995341 0.02
-0.702256931509007 1.6901408450704203 0.015449652493198154 0.02
-0.690446457054692 1.690140845070431 0.015189822055203223 0.02
-0.6721128273807938 1.65633802816901 0.014786482202377462 0.02
-0.6485346233296747 1.6901408450704238 0.014267761713252843 0.02
-0.6300339095459151 1.65633802816901 0.013860746010010132 0.02
-0.6182963634663426 1.6901408450704238 0.013602519996259537 0.02
-0.5926974047350627 1.6901408450704238 0.013039342904171379 0.02
-0.5880026035475675 1.6563380281690172 0.012936057278046484 0.02
-0.5763752205911837 1.65633802816901 0.012680254853006041 0.02
-0.5621867439000292 1.6563380281690172 0.012368108365800642 0.02
-0.5505493997838679 1.6901408450704238 0.012112086795245091 0.02
-0.5389764998291462 1.65633802816901 0.011857482996241215 0.02
-0.5274705837654604 1.6563380281690172 0.011604352842840128 0.02
-0.5087298243155532 1.65633802816901 0.01119205613494217 0.02
-0.49394136891958124 1.6563380281690172 0.010866710116230787 0.02
-0.4899573262537283 1.6901408450704238 0.010779061177582022 0.02
-0.4825132950224769 1.6225352112676035 0.010615292490494492 0.02
-0.47116626431311 1.6901408450704238 0.01036565781488842 0.02
-0.4636476090008061 1.6225352112676035 0.010200247398017734 0.02
-0.45236989166241065 1.6563380281690172 0.009952137616573034 0.02
-0.4447819229791353 1.656338028169003 0.009785202305540976 0.02
-0.4335814839517618 1.6563380281690172 0.00953879264693876 0.02
-0.4259296565339419 1.6563380281690172 0.009370452443746721 0.02
-0.4182243295792291 1.6563380281690172 0.00920093525074304 0.02
-0.40710417205598876 1.6901408450704167 0.008956291785231753 0.02
-0.3993424536827075 1.588732394366204 0.008785533981019564 0.02
-0.39608144156430747 1.656338028169003 0.008713791714414764 0.02
-0.388318718172466 1.6563380281690172 0.008543011799794251 0.02
-0.3805063771123649 1.6563380281690172 0.008371140296472027 0.02
-0.36958637437281977 1.6563380281690172 0.008130900236202035 0.02
-0.36958637437281977 1.656338028169003 0.008130900236202035 0.02
-0.36172924151993224 1.6225352112676177 0.00795804331343851 0.02
-0.35091999741042856 1.6901408450704167 0.007720239943029428 0.02
-0.3538251121739431 1.6225352112676035 0.007784152467826747 0.02
-0.3430239404207034 1.6225352112676035 0.007546526689255474 0.02
-0.33508309769078787 1.690140845070431 0.007371828149197333 0.02
-0.33508309769078787 1.6225352112676035 0.007371828149197333 0.02
-0.32709809700579284 1.6225352112676035 0.007196158134127442 0.02
-0.32709809700579284 1.6563380281690172 0.007196158134127442 0.02
-0.3164314556251264 1.6563380281690172 0.006961492023752781 0.02
-0.3164314556251264 1.6225352112676035 0.006961492023752781 0.02
-0.3084180111024965 1.6225352112676035 0.006785196244254923 0.02
-0.3084180111024965 1.656338028169003 0.006785196244254923 0.02
-0.29788240885294875 1.6563380281690314 0.006553412994764872 0.02
-0.29788240885294875 1.656338028169003 0.006553412994764872 0.02
-0.28984648991161976 1.6225352112676035 0.006376622778055635 0.02
-0.28984648991161976 1.6563380281690172 0.006376622778055635 0.02
-0.28177186727335213 1.6225352112676035 0.006198981080013747 0.02
-0.28177186727335213 1.6563380281690172 0.006198981080013747 0.02
-0.27139528080163583 1.6563380281690172 0.033802816901413735 0.033802816901413735
-0.2736593210820904 1.6225352112676035 0.033802816901413735 0.033802816901413735
-0.2736593210820904 1.6563380281690172 0.006020505063805988 0.02
-0.26330654956916083 1.6225352112676035 0.005792744090521538 0.02
-0.26330654956916083 1.6563380281690172 0.005792744090521538 0.02
-0.2551823906208184 1.6225352112676035 0.005614012593658004 0.02
-0.2551823906208184 1.6563380281690172 0.005614012593658004 0.02
-0.2551823906208184 1.6225352112676035 0.005614012593658004 0.02
-0.24702365005121815 1.6225352112676035 0.005434520301126799 0.02
-0.24702365005121815 1.7239436619718305 0.005434520301126799 0.02
-0.23883119958465762 1.5549295774647902 0.005254286390862468 0.02
-0.23883119958465762 1.6563380281690172 0.005254286390862468 0.02
-0.23883119958465762 1.6563380281690172 0.005254286390862468 0.02
-0.2306059362595526 1.6225352112676035 0.0050733305977101574 0.02
-0.22868682567222423 1.6563380281690172 0.005031110164788933 0.02
-0.22868682567222423 1.6225352112676035 0.005031110164788933 0.02
-0.2204937613666717 1.6225352112676035 0.004850862750066777 0.02
-0.2204937613666717 1.6563380281690172 0.004850862750066777 0.02
-0.2204937613666717 1.6563380281690172 0.004850862750066777 0.02
-0.2204937613666717 1.6225352112676035 0.004850862750066777 0.02
-0.20401797959254858 1.6563380281690172 0.004488395551036068 0.02
-0.212270495716091 1.6225352112676035 0.004669950905754001 0.02
-0.212270495716091 1.6563380281690172 0.004669950905754001 0.02
-0.21050956212735614 1.6225352112676035 0.004631210366801835 0.02
-0.20401797959254858 1.6225352112676035 0.004488395551036068 0.02
-0.20401797959254858 1.6225352112676035 0.004488395551036068 0.02
-0.20401797959254858 1.690140845070431 0.033802816901399524 0.033802816901399524
-0.1957371865774664 1.6225352112676035 0.033802816901399524 0.033802816901399524
-0.1957371865774664 1.6225352112676035 0.0043062181047042606 0.02
-0.1957371865774664 1.6225352112676035 0.033802816901413735 0.033802816901413735
-0.1824793602092875 1.6563380281690172 0.033802816901413735 0.033802816901413735
-0.1874291124436737 1.6225352112676035 0.033802816901413735 0.033802816901413735
-0.1874291124436737 1.6563380281690172 0.004123440473760821 0.02
-0.1874291124436737 1.6225352112676035 0.004123440473760821 0.02
-0.1874291124436737 1.6225352112676035 0.004123440473760821 0.02
-0.17909477459664214 1.6563380281690172 0.003940085041126127 0.02
-0.17909477459664214 1.6225352112676035 0.003940085041126127 0.02
-0.1707352114752828 1.6563380281690172 0.0037561746524562216 0.02
-0.1775961672834879 1.6225352112676035 0.003907115680236733 0.02
-0.16930377815578745 1.6225352112676035 0.003724683119427324 0.02
-0.16930377815578745 1.690140845070431 0.003724683119427324 0.02
-0.1707352114752828 1.6225352112676035 0.0037561746524562216 0.02
-0.16930377815578745 1.6225352112676035 0.003724683119427324 0.02
-0.16930377815578745 1.6225352112676035 0.003724683119427324 0.02
-0.16235148191281495 1.6563380281690172 0.003571732602081929 0.02
-0.16098781377080748 1.6563380281690172 0.0035417319029577643 0.02
1.4265069322571542 1.859154929577465 0.03138315250965739 0.02
1.331965127210239 1.859154929577465 0.029303232798625258 0.02
1.2543648711697701 1.7915492957746473 0.027596027165734942 0.02
1.1824776086224307 1.791549295774649 0.026014507389693475 0.02
1.1260144038157613 1.7915492957746473 0.024772316883946748 0.02
1.073453610448074 1.7577464788732389 0.023615979429857627 0.02
1.017502001472604 1.7239436619718322 0.022385044032397286 0.02
0.9711120116570922 1.7239436619718305 0.021364464256456026 0.02
0.9289815570439169 1.757746478873237 0.020437594254966173 0.02
0.8921338360465839 1.6901408450704238 0.019626944393024846 0.02
0.8567056281827387 1.7239436619718305 0.018847523820020248 0.02
0.8210972760767723 1.7239436619718305 0.01806414007368899 0.02
0.7973023629557582 1.6901408450704238 0.01754065198502668 0.02
0.7615931372123783 1.6901408450704238 0.01675504901867232 0.02
0.7378150601204649 1.6901408450704203 0.016231931322650228 0.02
0.707710521467902 1.6901408450704238 0.015569631472293843 0.02
0.6958181893838117 1.6901408450704238 0.015308000166443856 0.02
0.6654941780324244 1.6901408450704238 0.014640871916713335 0.02
0.6536358969195218 1.6901408450704238 0.01437998973222948 0.02
0.6350267353903137 1.6563380281690172 0.013970588178586901 0.02
0.6114175272111867 1.6901408450704167 0.013451185598646106 0.02
0.5926974047350627 1.6901408450704238 0.013039342904171379 0.02
0.5880026035475675 1.6563380281690172 0.012936057278046484 0.02
0.5621867439000292 1.6901408450704238 0.012368108365800642 0.02
0.5505493997838679 1.65633802816901 0.012112086795245091 0.02
0.5317240672588056 1.6563380281690172 0.011697929479693723 0.02
0.5244092235441183 1.65633802816901 0.011537002917970603 0.02
0.5054483408736572 1.6563380281690172 0.011119863499220457 0.02
0.49394136891958124 1.65633802816901 0.010866710116230787 0.02
0.4825132950224769 1.6901408450704238 0.010615292490494492 0.02
0.47501075626509687 1.6563380281690172 0.01045023663783213 0.02
0.4560719963496107 1.65633802816901 0.010033583919691435 0.02
0.448439656075069 1.6563380281690172 0.009865672433651518 0.02
0.43713866872033735 1.6563380281690172 0.009617050711847422 0.02
0.4294404252294629 1.65633802816901 0.009447689355048184 0.02
0.4182243295792291 1.6563380281690172 0.00920093525074304 0.02
0.4182243295792291 1.656338028169003 0.00920093525074304 0.02
0.4026546535518728 1.6563380281690172 0.0088584023781412 0.02
0.3993424536827075 1.6563380281690172 0.008785533981019564 0.02
0.3915295526610869 1.6225352112676035 0.008613650158543911 0.02
0.3805063771123649 1.6563380281690172 0.008371140296472027 0.02
0.3726449038498295 1.656338028169003 0.00819818788469625 0.02
0.36778846189079295 1.6563380281690172 0.008091346161597445 0.02
0.3538251121739431 1.656338028169003 0.007784152467826747 0.02
0.3538251121739431 1.6563380281690314 0.007784152467826747 0.02
0.34587455983724136 1.6225352112676035 0.00760924031641931 0.02
0.34587455983724136 1.6563380281690172 0.00760924031641931 0.02
0.33508309769078787 1.6563380281690172 0.007371828149197333 0.02
0.32709809700579284 1.656338028169003 0.007196158134127442 0.02
0.32709809700579284 1.6563380281690172 0.007196158134127442 0.02
0.3164314556251264 1.6225352112676035 0.006961492023752781 0.02
0.3084180111024965 1.6563380281690172 0.006785196244254923 0.02
0.3084180111024965 1.6563380281690172 0.006785196244254923 0.02
0.3003634415449125 1.6225352112676035 0.006607995713988075 0.02
0.3003634415449125 1.6563380281690172 0.006607995713988075 0.02
0.29226848261129845 1.6225352112676035 0.006429906617448565 0.02
0.28984648991161976 1.6563380281690172 0.006376622778055635 0.02
0.28177186727335213 1.6563380281690172 0.006198981080013747 0.02
0.28177186727335213 1.6225352112676035 0.006198981080013747 0.02
0.2736593210820904 1.656338028169003 0.006020505063805988 0.02
0.2736593210820904 1.6225352112676177 0.006020505063805988 0.02
0.2655096587899116 1.656338028169003 0.0058412124933780556 0.02
0.26330654956916083 1.6225352112676177 0.005792744090521538 0.02
0.2551823906208184 1.656338028169003 0.005614012593658004 0.02
0.2551823906208184 1.6563380281690172 0.005614012593658004 0.02
0.2551823906208184 1.6225352112676035 0.005614012593658004 0.02
0.24702365005121815 1.6563380281690172 0.005434520301126799 0.02
0.24702365005121815 1.6225352112676035 0.005434520301126799 0.02
0.23883119958465762 1.6563380281690172 0.005254286390862468 0.02
0.23883119958465762 1.6225352112676035 0.005254286390862468 0.02
0.23883119958465762 1.6563380281690172 0.005254286390862468 0.02
0.2306059362595526 1.6563380281690172 0.0050733305977101574 0.02
0.22868682567222423 1.6225352112676035 0.005031110164788933 0.02
0.2204937613666717 1.6225352112676035 0.004850862750066777 0.02
0.2204937613666717 1.6563380281690172 0.004850862750066777 0.02
0.2204937613666717 1.6225352112676177 0.004850862750066777 0.02
0.2204937613666717 1.6563380281689888 0.004850862750066777 0.02
0.212270495716091 1.6225352112676035 0.004669950905754001 0.02
0.212270495716091 1.6563380281690172 0.004669950905754001 0.02
0.212270495716091 1.6225352112676035 0.004669950905754001 0.02
0.20401797959254858 1.6563380281689888 0.004488395551036068 0.02
0.20401797959254858 1.622535211267632 0.004488395551036068 0.02
0.1957371865774664 1.6563380281690172 0.0043062181047042606 0.02
0.1957371865774664 1.6563380281690172 0.0043062181047042606 0.02
0.1957371865774664 1.6225352112676035 0.0043062181047042606 0.02
0.1874291124436737 1.6225352112676035 0.004123440473760821 0.02
0.1874291124436737 1.6563380281690172 0.004123440473760821 0.02
0.1874291124436737 1.6394366197183388 0.05070422535210639 0.05070422535210639
0.17909477459664214 1.639436619718282 0.05070422535210639 0.05070422535210639
0.1775961672834879 1.6225352112676035 0.003907115680236733 0.02
0.17909477459664214 1.6225352112676035 0.003940085041126127 0.02
0.1775961672834879 1.6563380281690172 0.003907115680236733 0.02
0.1775961672834879 1.6225352112676035 0.003907115680236733 0.02
0.1775961672834879 1.6563380281690172 0.003907115680236733 0.02
0.16930377815578745 1.6225352112676035 0.003724683119427324 0.02
0.16930377815578745 1.6563380281690172 0.003724683119427324 0.02
0.16930377815578745 1.6225352112676035 0.003724683119427324 0.02
0.16930377815578745 1.6563380281690172 0.003724683119427324 0.02
0.16098781377080748 1.6225352112676035 0.0035417319029577643 0.02
0.16098781377080748 1.6563380281690172 0.0035417319029577643 0.02
0.16098781377080748 1.6225352112676035 0.0035417319029577643 0.02
0.16098781377080748 1.6563380281690172 0.0035417319029577643 0.02
0.15264932839526515 1.6225352112676035 0.003358285224695833 0.02
0.15264932839526515 1.6225352112676035 0.003358285224695833 0.02
0.15264932839526515 1.6563380281690172 0.003358285224695833 0.02
0.15264932839526515 1.6225352112676035 0.003358285224695833 0.02
0.15264932839526515 1.6225352112676035 0.003358285224695833 0.02
0.14428939453774245 1.6563380281690172 0.0031743666798303336 0.02
0.14428939453774245 1.6225352112676035 0.0031743666798303336 0.02
0.14428939453774245 1.6563380281690172 0.0031743666798303336 0.02
0.14428939453774245 1.6225352112676035 0.0031743666798303336 0.02
-1.545160918273219 1.9267605633802818 0.03399354020201082 0.02
-1.4084448448820817 1.8591549295774645 0.030985786587405795 0.02
-1.3195807383028326 1.7915492957746482 0.029030776242662315 0.02
-1.2329181385546182 1.7915492957746473 0.027124199048201597 0.02
-1.1681416732430239 1.7915492957746482 0.025699116811346522 0.02
-1.1033464547487397 1.791549295774649 0.02427362200447227 0.02
-1.0537643743033551 1.7239436619718305 0.02318281623467381 0.02
-0.996910432498493 1.7577464788732389 0.021932029514966846 0.02
-0.9544993893988254 1.7239436619718287 0.020998986566774156 0.02
-0.9187484175690007 1.723943661971834 0.020212465186518015 0.02
-0.8814868789148153 1.7239436619718305 0.019392711336125936 0.02
-0.8511714147810849 1.7239436619718305 0.01872577112518387 0.02
-0.8156919233162234 1.6901408450704238 0.017945222312956914 0.02
-0.7913861157813615 1.6901408450704203 0.01741049454718995 0.02
-0.7674360235495911 1.7239436619718305 0.016883592518091003 0.02
-0.7435065183015194 1.6901408450704238 0.016357143402633424 0.02
-0.7196249120138116 1.6901408450704238 0.015831748064303854 0.02
-0.707710521467902 1.6563380281690137 0.015569631472293843 0.02
-0.6839512080979647 1.6901408450704274 0.015046926578155224 0.02
-0.6654941780324244 1.6901408450704238 0.014640871916713335 0.02
-0.6536358969195218 1.65633802816901 0.01437998973222948 0.02
-0.6300339095459151 1.6901408450704238 0.013860746010010132 0.02
-0.6182963634663426 1.6563380281690172 0.013602519996259537 0.02
-0.5996843151378045 1.6901408450704167 0.013193054933031698 0.02
-0.5880026035475675 1.6563380281690172 0.012936057278046484 0.02
-0.5693131911006619 1.6901408450704238 0.012524890204214562 0.02
-0.5577088436287925 1.65633802816901 0.012269594559833433 0.02
-0.5505493997838679 1.6563380281690172 0.012112086795245091 0.02
-0.5389764998291462 1.6563380281690172 0.011857482996241215 0.02
-0.5244092235441183 1.65633802816901 0.011537002917970603 0.02
-0.5087298243155532 1.6901408450704238 0.01119205613494217 0.02
-0.5013655614676703 1.6563380281690172 0.011030042352288745 0.02
-0.4825132950224769 1.65633802816901 0.010615292490494492 0.02
-0.47116626431311 1.6563380281690172 0.01036565781488842 0.02
-0.47116626431311 1.6225352112676035 0.01036565781488842 0.02
-0.4599023081609703 1.6563380281690172 0.010117850779541346 0.02
-0.45236989166241065 1.65633802816901 0.009952137616573034 0.02
-0.4411794804149806 1.65633802816901 0.009705948569129572 0.02
-0.4335814839517618 1.6563380281690172 0.00953879264693876 0.02
-0.4259296565339419 1.656338028169003 0.009370452443746721 0.02
-0.41481428312106017 1.6563380281690172 0.009125914228663323 0.02
-0.40710417205598876 1.6563380281690172 0.008956291785231753 0.02
-0.39608144156430747 1.6563380281690172 0.008713791714414764 0.02
-0.388318718172466 1.6225352112676035 0.008543011799794251 0.02
-0.3915295526610869 1.6901408450704167 0.008613650158543911 0.02
-0.3805063771123649 1.6225352112676177 0.008371140296472027 0.02
-0.36958637437281977 1.656338028169003 0.008130900236202035 0.02
-0.3726449038498295 1.6225352112676035 0.00819818788469625 0.02
-0.36172924151993224 1.7239436619718163 0.00795804331343851 0.02
-0.3538251121739431 1.5887323943662182 0.007784152467826747 0.02
-0.35091999741042856 1.6563380281690172 0.007720239943029428 0.02
-0.3430239404207034 1.6225352112676035 0.007546526689255474 0.02
-0.33787818824027843 1.6563380281690172 0.007433320141286125 0.02
-0.32709809700579284 1.6563380281690172 0.007196158134127442 0.02
-0.32709809700579284 1.6225352112676035 0.007196158134127442 0.02
-0.3164314556251264 1.656338028169003 0.006961492023752781 0.02
-0.3164314556251264 1.6563380281690172 0.006961492023752781 0.02
-0.3164314556251264 1.6225352112676035 0.006961492023752781 0.02
-0.30587887140485215 1.6563380281690172 0.006729335170906747 0.02
-0.3084180111024965 1.6563380281690172 0.006785196244254923 0.02
-0.3003634415449125 1.6225352112676035 0.006607995713988075 0.02
-0.28984648991161976 1.6563380281690172 0.006376622778055635 0.02
-0.28984648991161976 1.6225352112676035 0.006376622778055635 0.02
-0.28177186727335213 1.6225352112676035 0.006198981080013747 0.02
-0.2736593210820904 1.6563380281690172 0.006020505063805988 0.02
-0.28177186727335213 1.6563380281690172 0.006198981080013747 0.02
-0.2736593210820904 1.6225352112676035 0.006020505063805988 0.02
-0.27139528080163583 1.7239436619718305 0.005970696177635988 0.02
-0.2655096587899116 1.588732394366204 0.0058412124933780556 0.02
-0.26330654956916083 1.6225352112676035 0.005792744090521538 0.02
-0.26330654956916083 1.6225352112676035 0.005792744090521538 0.02
-0.2551823906208184 1.6563380281690172 0.005614012593658004 0.02
-0.2551823906208184 1.6901408450704167 0.033802816901413735 0.033802816901413735
-0.2511030203360183 1.5549295774647902 0.033802816901413735 0.033802816901413735
-0.24702365005121815 1.6901408450704167 0.005434520301126799 0.02
-0.24702365005121815 1.6225352112676177 0.005434520301126799 0.02
-0.23883119958465762 1.6563380281690172 0.033802816901399524 0.033802816901399524
-0.23883119958465762 1.6225352112676035 0.033802816901399524 0.033802816901399524
-0.23684876094692026 1.6225352112676035 0.005210672740832245 0.02
-0.22868682567222423 1.6563380281690172 0.005031110164788933 0.02
-0.2306059362595526 1.6563380281690172 0.0050733305977101574 0.02
-0.22868682567222423 1.6225352112676035 0.005031110164788933 0.02
-0.2204937613666717 1.6225352112676035 0.033802816901413735 0.033802816901413735
-0.2223487820699473 1.6563380281690172 0.033802816901413735 0.033802816901413735
-0.2204937613666717 1.6225352112676035 0.004850862750066777 0.02
-0.212270495716091 1.6225352112676035 0.004669950905754001 0.02
-0.21406068356382152 1.690140845070431 0.004709335038404073 0.02
-0.212270495716091 1.6225352112676035 0.004669950905754001 0.02
-0.212270495716091 1.6225352112676035 0.004669950905754001 0.02
-0.20401797959254858 1.6563380281689888 0.033802816901399524 0.033802816901399524
-0.20401797959254858 1.622535211267632 0.033802816901399524 0.033802816901399524
-0.20401797959254858 1.6563380281690172 0.05519976885144892 0.05519976885144892
-0.1990502420066319 1.6225352112676035 0.05519976885144892 0.05519976885144892
-0.1957371865774664 1.6563380281690172 0.0043062181047042606 0.02
-0.19739555984988075 1.6225352112676035 0.004342702316697376 0.02
-0.1874291124436737 1.6563380281690172 0.004123440473760821 0.02
-0.1874291124436737 1.6225352112676035 0.004123440473760821 0.02
-0.1874291124436737 1.6225352112676035 0.004123440473760821 0.02
-0.1874291124436737 1.6563380281690172 0.004123440473760821 0.02
-0.1874291124436737 1.6225352112676035 0.004123440473760821 0.02
-0.1775961672834879 1.6563380281690172 0.003907115680236733 0.02
-0.1775961672834879 1.6225352112676035 0.003907115680236733 0.02
-0.1775961672834879 1.6563380281689888 0.003907115680236733 0.02
-0.1775961672834879 1.622535211267632 0.003907115680236733 0.02
-0.1775961672834879 1.6225352112676035 0.003907115680236733 0.02
-0.16930377815578745 1.6563380281690172 0.003724683119427324 0.02
-0.16930377815578745 1.6225352112676035 0.003724683119427324 0.02
-0.1707352114752828 1.6563380281690172 0.0037561746524562216 0.02
-0.1707352114752828 1.6225352112676035 0.0037561746524562216 0.02
-0.1707352114752828 1.6225352112676035 0.0037561746524562216 0.02
-0.1707352114752828 1.6225352112676035 0.0037561746524562216 0.02
1.4506875912279837 1.8929577464788734 0.03191512700701564 0.02
1.3484475447249493 1.7915492957746482 0.029665845983948884 0.02
1.2623783156924 1.8253521126760566 0.027772322945232797 0.02
1.1902899496825317 1.7915492957746482 0.026186378893015696 0.02
1.1296168463799159 1.7577464788732389 0.024851570620358147 0.02
1.0694307653272264 1.7915492957746473 0.02352747683719898 0.02
1.0202469270110288 1.7239436619718322 0.022445432394242633 0.02
0.9711120116570922 1.7577464788732389 0.021364464256456026 0.02
0.9289815570439169 1.7239436619718305 0.020437594254966173 0.02
0.8986834994141027 1.7239436619718305 0.01977103698711026 0.02
0.8511714147810849 1.7239436619718305 0.01872577112518387 0.02
0.8329812666744317 1.6901408450704238 0.0183255878668375 0.02
0.7913861157813615 1.7239436619718305 0.01741049454718995 0.02
0.7674360235495911 1.6901408450704238 0.016883592518091003 0.02
0.7378150601204649 1.6901408450704203 0.016231931322650228 0.02
0.7196249120138116 1.6901408450704238 0.015831748064303854 0.02
0.6958181893838117 1.6901408450704274 0.015308000166443856 0.02
0.6721128273807938 1.65633802816901 0.014786482202377462 0.02
0.6536358969195218 1.6901408450704238 0.01437998973222948 0.02
0.6300339095459151 1.6901408450704238 0.013860746010010132 0.02
0.6114175272111867 1.6563380281690172 0.013451185598646106 0.02
0.5996843151378045 1.6901408450704167 0.013193054933031698 0.02
0.5880026035475675 1.6563380281690172 0.012936057278046484 0.02
0.5621867439000292 1.6901408450704238 0.012368108365800642 0.02
0.5549957273385867 1.65633802816901 0.012209906001448907 0.02
0.5389764998291462 1.6563380281690172 0.011857482996241215 0.02
0.5201910459456235 1.6901408450704238 0.011444203010803716 0.02
0.5013655614676703 1.65633802816901 0.011030042352288745 0.02
0.49394136891958124 1.6563380281690172 0.010866710116230787 0.02
0.4825132950224769 1.6563380281690172 0.010615292490494492 0.02
0.47501075626509687 1.6901408450704167 0.01045023663783213 0.02
0.4636476090008061 1.6225352112676106 0.010200247398017734 0.02
0.448439656075069 1.65633802816901 0.009865672433651518 0.02
0.43713866872033735 1.6563380281690172 0.009617050711847422 0.02
0.4294404252294629 1.65633802816901 0.009447689355048184 0.02
0.4182243295792291 1.6563380281690172 0.00920093525074304 0.02
0.41046586456376605 1.65633802816901 0.009030249020402852 0.02
0.3993424536827075 1.6563380281690172 0.008785533981019564 0.02
0.3915295526610869 1.656338028169003 0.008613650158543911 0.02
0.3805063771123649 1.6563380281690172 0.008371140296472027 0.02
0.3726449038498295 1.6225352112676035 0.00819818788469625 0.02
0.3726449038498295 1.6563380281690172 0.00819818788469625 0.02
0.36172924151993224 1.6901408450704167 0.00795804331343851 0.02
0.35677665496721434 1.6225352112676177 0.007849086409278715 0.02
0.34587455983724136 1.656338028169003 0.00760924031641931 0.02
0.34587455983724136 1.6563380281690172 0.00760924031641931 0.02
0.33508309769078787 1.6563380281690172 0.007371828149197333 0.02
0.32709809700579284 1.6394366197183103 0.05070422535210639 0.05070422535210639
0.32709809700579284 1.6394366197183103 0.05070422535210639 0.05070422535210639
0.3190695956723733 1.6225352112676035 0.007019531104792212 0.02
0.3164314556251264 1.6563380281690172 0.006961492023752781 0.02
0.3084180111024965 1.6563380281690172 0.006785196244254923 0.02
0.3084180111024965 1.6225352112676035 0.006785196244254923 0.02
0.3003634415449125 1.6563380281690172 0.006607995713988075 0.02
0.29226848261129845 1.656338028169003 0.006429906617448565 0.02
0.29226848261129845 1.6563380281690172 0.006429906617448565 0.02
0.28177186727335213 1.6225352112676035 0.006198981080013747 0.02
0.28177186727335213 1.6563380281690172 0.006198981080013747 0.02
0.2736593210820904 1.6225352112676035 0.006020505063805988 0.02
0.2736593210820904 1.6563380281690172 0.006020505063805988 0.02
0.2655096587899116 1.6225352112676035 0.0058412124933780556 0.02
0.2655096587899116 1.6563380281690172 0.0058412124933780556 0.02
0.27139528080163583 1.6563380281690172 0.005970696177635988 0.02
0.26330654956916083 1.6225352112676035 0.005792744090521538 0.02
0.26330654956916083 1.6563380281690172 0.005792744090521538 0.02
0.24910235109274495 1.6225352112676035 0.005480251724040389 0.02
0.24910235109274495 1.6563380281690172 0.005480251724040389 0.02
0.23883119958465762 1.6225352112676035 0.005254286390862468 0.02
0.23684876094692026 1.6563380281690172 0.005210672740832245 0.02
0.23883119958465762 1.6394366197182961 0.0507042253521135 0.0507042253521135
0.23372734860323643 1.6394366197183246 0.0507042253521135 0.0507042253521135
0.22868682567222423 1.6225352112676035 0.005031110164788933 0.02
0.2204937613666717 1.6563380281690172 0.004850862750066777 0.02
0.2223487820699473 1.656338028169003 0.00489167320553884 0.02
0.2223487820699473 1.6225352112676035 0.00489167320553884 0.02
0.2204937613666717 1.6563380281690172 0.004850862750066777 0.02
0.212270495716091 1.6225352112676035 0.004669950905754001 0.02
0.212270495716091 1.6563380281690172 0.004669950905754001 0.02
0.20401797959254858 1.6225352112676035 0.004488395551036068 0.02
0.20401797959254858 1.6563380281690172 0.033802816901413735 0.033802816901413735
0.20574261139803554 1.6225352112676035 0.033802816901413735 0.033802816901413735
0.1957371865774664 1.6225352112676035 0.0043062181047042606 0.02
0.19739555984988075 1.6563380281690172 0.004342702316697376 0.02
0.1957371865774664 1.6225352112676035 0.0043062181047042606 0.02
0.18902054628533635 1.6563380281690172 0.0041584520182773995 0.02
0.18902054628533635 1.690140845070431 0.0041584520182773995 0.02
0.1874291124436737 1.554929577464776 0.004123440473760821 0.02
0.18586394582193286 1.6563380281690172 0.004089006808082523 0.02
0.1775961672834879 1.6563380281690172 0.003907115680236733 0.02
0.1775961672834879 1.6225352112676035 0.003907115680236733 0.02
0.17909477459664214 1.6563380281690172 0.003940085041126127 0.02
0.1775961672834879 1.6563380281690172 0.003907115680236733 0.02
0.1775961672834879 1.6225352112676035 0.003907115680236733 0.02
0.1707352114752828 1.6225352112676035 0.0037561746524562216 0.02
0.16930377815578745 1.6563380281690172 0.003724683119427324 0.02
0.16930377815578745 1.5887323943661897 0.033802816901413735 0.033802816901413735
0.16514579596329748 1.6563380281690172 0.033802816901413735 0.033802816901413735
0.16098781377080748 1.6225352112676035 0.0035417319029577643 0.02
0.16098781377080748 1.6563380281690172 0.0035417319029577643 0.02
0.16098781377080748 1.6225352112676035 0.0035417319029577643 0.02
0.16098781377080748 1.6563380281690172 0.0035417319029577643 0.02
0.15264932839526515 1.6225352112676035 0.003358285224695833 0.02
0.15264932839526515 1.6225352112676035 0.003358285224695833 0.02
0.15394466445834992 1.6563380281690172 0.003386782618083698 0.02
0.15264932839526515 1.6563380281690172 0.003358285224695833 0.02
0.15264932839526515 1.6225352112676035 0.003358285224695833 0.02
0.14428939453774245 1.6225352112676035 0.0031743666798303336 0.02
0.14551585665996639 1.6225352112676035 0.00320134884651926 0.02
0.14551585665996639 1.6563380281690172 0.00320134884651926 0.02
0.14551585665996639 1.6563380281690172 0.00320134884651926 0.02
