-1.4443558295365069 -0.001765498101726104 0.03177582824980315 0.02
-1.331965127210239 -0.0012591400797039576 0.029303232798625258 0.02
-1.2543648711697701 0.020794904492119404 0.027596027165734942 0.02
-1.171453873112189 0.00907983016223235 0.025771985208468157 0.02
-1.1147243304452858 -0.010488433169164146 0.024523935269796286 0.02
-1.0653479859212394 0.0013201409116736507 0.023437655690267265 0.02
-1.0086095828948674 0.014221795093392275 0.02218941082368708 0.02
-0.9758332788110025 -0.012453390791623109 0.02146833213384205 0.02
-0.9339952852466475 -0.003701316309040026 0.020547896275426244 0.02
-0.8973540851399052 0.003644797091179486 0.019741789873077915 0.02
-0.8567056281827387 0.01144596171209411 0.018847523820020248 0.02
-0.8267946189469824 -0.016850413003868248 0.018189481616833612 0.02
-0.8089232343826652 -0.01365508073161159 0.017796311156418634 0.02
-0.7853981633974483 0.024245943227803046 0.01727875959474386 0.02
-0.750118689803857 -0.03744382940480939 0.016502611175684852 0.02
-0.7321939838539574 0.03306177658497278 0.016108267644787063 0.02
-0.7086262721276703 0.0029634647135736714 0.015589777986808745 0.02
-0.690446457054692 -0.02806590131978326 0.015189822055203223 0.02
-0.6721128273807938 0.008459605602146203 0.014786482202377462 0.02
-0.6551867204330519 -0.022895724405239015 0.014414107849527142 0.02
-0.6318543808578923 0.04797957387798757 0.013900796378873629 0.02
-0.6182963634663426 -0.017781572832128 0.013602519996259537 0.02
-0.6066051085945269 0.01757903775818459 0.013345312389079591 0.02
-0.5880026035475675 0.0199952307448088 0.012936057278046484 0.02
-0.5763752205911837 -0.046139150283339925 0.012680254853006041 0.02
-0.5577088436287925 -0.010037112779438306 0.012269594559833433 0.02
-0.5461665634337878 0.02514875649792714 0.01201566439554333 0.02
-0.5389764998291462 -0.007807446048911704 0.011857482996241215 0.02
-0.5274705837654604 -0.006476501510759514 0.011604352842840128 0.02
-0.5087298243155532 -0.004371520225812553 0.01119205613494217 0.02
-0.49337862277752215 -0.0027052873179327364 0.010854329701105487 0.02
-0.4860319293400963 -0.0019263606283084211 0.010692702445482118 0.02
-0.478627761768176 -0.0011534504589707506 0.010529810758899872 0.02
-0.47116626431311 -0.0003868546217427049 0.01036565781488842 0.02
-0.4599023081609703 0.0007470193504854894 0.010117850779541346 0.02
-0.45236989166241065 0.0014895631759090922 0.009952137616573034 0.02
-0.4411794804149806 0.002569479930776053 0.009705948569129572 0.02
-0.4335814839517618 0.0032868864443000856 0.00953879264693876 0.02
-0.4190674996998205 0.004621718572972444 0.00921948499339605 0.02
-0.41481428312106017 0.00500403071827904 0.009125914228663323 0.02
-0.40710417205598876 0.0056868479031717545 0.008956291785231753 0.02
-0.39608144156430747 0.0066401393976185386 0.008713791714414764 0.02
-0.39287050746464774 -0.02689005021850832 0.00864315116422225 0.02
-0.3820448374370518 0.04161789799466997 0.00840498642361514 0.023902201054191868
-0.3773959672364249 -0.05941104827535382 0.008302711279201347 0.023902201054191868
-0.36958637437281977 0.008821323211660514 0.008130900236202035 0.02
-0.36958637437281977 0.008821323211660514 0.008130900236202035 0.02
-0.35877067027057225 0.009666971731308038 0.007892954745952589 0.02
-0.35091999741042856 0.010264544184830582 0.007720239943029428 0.02
-0.3480602716495644 0.010478822799075305 0.007657325976290416 0.02
-0.34021811164468324 -0.022745688572928913 0.0074847984561830306 0.02
-0.3323321700177181 0.011624909805076244 0.007311307740389798 0.02
-0.3323321700177181 0.011624909805076244 0.007311307740389798 0.02
-0.3244030680696465 0.012181894435626672 0.007136867497532224 0.02
-0.3244030680696465 -0.02162092246575864 0.007136867497532224 0.02
-0.31383515242790877 0.01290256973284487 0.006904373353413993 0.02
-0.3164314556251264 0.012727810617438218 0.006961492023752781 0.02
-0.30587887140485215 -0.02037401340479339 0.006729335170906747 0.02
-0.30337991783948065 0.013591188962265965 0.006674358192468574 0.02
-0.29544083714372 -0.019704923989762646 0.00649969841716184 0.02
-0.28984648991161976 0.01444655170968634 0.006376622778055635 0.02390220105419689
-0.28746320548528187 -0.019209838951738334 0.0063241905206762004 0.02390220105419689
-0.28984648991161976 0.01444655170968634 0.006376622778055635 0.02
-0.2794477641263722 -0.018726621459123072 0.006147850810780188 0.02
-0.2794477641263722 0.015076195442290663 0.006147850810780188 0.02
-0.26916749278570046 -0.01812772183067013 0.005921684841285409 0.02
-0.26916749278570046 0.015675095070743605 0.005921684841285409 0.02
-0.26113887238256783 0.016126520920700438 0.005745055192416492 0.02
-0.26113887238256783 -0.017676295980713297 0.005745055192416492 0.02
-0.25307565216460226 -0.0172373116988771 0.0055676643476212494 0.02
-0.2551823906208184 0.016452199878749463 0.005614012593658004 0.02
-0.2551823906208184 0.016452199878749463 0.005614012593658004 0.02
-0.2429665934074984 0.017095501340673502 0.005345265054964965 0.02
-0.24497866312686414 -0.016810997596823585 0.005389530588791011 0.02
-0.24497866312686414 -0.016810997596809374 0.005389530588791011 0.02
-0.23684876094692026 0.017405238579585536 0.005210672740832245 0.02
-0.23684876094692026 -0.016397578321799777 0.005210672740832245 0.02
-0.23684876094692026 0.017405238579599747 0.005210672740832245 0.02
-0.22868682567222423 -0.01599727425681463 0.005031110164788933 0.02
-0.22868682567222423 0.017805542644599104 0.005031110164788933 0.02
-0.22679884805388587 -0.01590678179748828 0.004989574657185488 0.02
-0.21866894587394195 0.018276677981591716 0.0048107168092267226 0.02
-0.2204937613666717 -0.015610301221091749 0.004850862750066777 0.02
-0.21866894587394195 0.018276677981591716 0.0048107168092267226 0.02
-0.21050956212735614 -0.015158852941517642 0.004631210366801835 0.02
-0.21050956212735614 0.018643963959896093 0.004631210366801835 0.02
-0.21050956212735614 -0.015158852941517642 0.004631210366801835 0.02
-0.20232162837830375 -0.014805123296772305 0.004451075824322683 0.02
-0.20232162837830375 0.01899769360464143 0.004451075824322683 0.02
-0.20232162837830375 -0.04860794019818604 0.004451075824322683 0.02
-0.19410609803032688 0.08694330661231664 0.004270334156667191 0.02
-0.20232162837830375 -0.04860794019815762 0.004451075824322683 0.02
-0.1925016348099795 0.019402322494573854 0.004235035965819549 0.02
-0.19410609803032688 -0.014465144091896143 0.004270334156667191 0.02
-0.19410609803032688 0.0024362643588107247 0.004270334156667191 0.03585330158128529
-0.18586394582193286 0.01966371307317294 0.004089006808082523 0.03585330158128529
-0.18586394582193286 0.0027623046224944936 0.004089006808082523 0.03585330158128529
-0.18586394582193286 -0.04794192072959769 0.004089006808082523 0.02390220105419689
-0.18173005655271038 0.05362438417098847 0.003998061244159628 0.02390220105419689
-0.18586394582193286 -0.014139103828183952 0.004089006808082523 0.02
-0.1775961672834879 -0.047630002030553564 0.003907115680236733 0.02390220105419689
-0.1734499727196377 0.08773198204793387 0.003815899399832029 0.02390220105419689
-0.1775961672834879 -0.030728593579818275 0.00396566697470139 0.03585330158128529
-0.16930377815578745 0.0033718439785144216 0.003724683119427324 0.03585330158128529
-0.16789592325037456 -0.013480549651222029 0.00369371031150824 0.02
-0.16789592325037456 0.020322267250163284 0.00369371031150824 0.02
-0.16789592325037456 -0.030381958101900475 0.0037490635535968268 0.03585330158128529
-0.1630788720262623 0.0035852408055818685 0.0035877351845777705 0.03585330158128529
-0.16098781377080748 0.020556404974812592 0.0035417319029577643 0.02
-0.15832750080842997 -0.01315906795999977 0.0034832050177854594 0.02
-0.15964666966066154 -0.013202183025250003 0.0035122267325345537 0.02
1.368474698416593 0.014661523114085862 0.030106443365165044 0.02
1.2809498368832768 0.006796182666698014 0.028180896411432087 0.02
1.2090670852749643 -0.0407779671024342 0.026599475876049213 0.02
1.140718191739034 0.04481161759764141 0.02509580021825875 0.02
1.0774177040173745 -0.040865240023351124 0.023703189488382237 0.02
1.0289502939684376 0.004382164409731271 0.022636906467305627 0.02
0.9758332788110025 0.016326363528766263 0.02146833213384205 0.02
0.9339952852466475 -0.008509019499780779 0.020547896275426244 0.02
0.903888122555586 -0.002296112818295004 0.019885538696222893 0.02
0.8621700546672264 -0.027822243888171228 0.01896774120267898 0.02
0.8267946189469824 0.01269651182786502 0.018189481616833612 0.02
0.7913152541034756 -0.014649377022619925 0.017408935590276464 0.02
0.7674360235495911 0.023342080275964072 0.016883592518091003 0.02
0.7440017078479142 -0.0064730787399889245 0.01636803757265411 0.02
0.714090698612158 -0.0015602488575279239 0.015709995369467475 0.02
0.690446457054692 0.0021828701950432627 0.015189822055203223 0.02
0.6786624907483126 0.004002098429283674 0.014930574796462877 0.02
0.6485346233296747 0.008513277711506673 0.014267761713252843 0.02
0.6350267353903137 -0.02333229932570169 0.013970588178586901 0.02
0.6066051085945269 0.014456562342968216 0.013345312389079591 0.02
0.5996843151378045 -0.01840275598176122 0.013193054933031698 0.02
0.5809769580203017 0.01789723910453911 0.012781493076446637 0.02
0.5693131911006619 0.019414915016651157 0.012524890204214562 0.02
0.5505493997838679 -0.04581250177286167 0.012112086795245091 0.02
0.5317240672588056 0.024100686737061672 0.011697929479693723 0.02
0.5274705837654604 -0.00919163514006427 0.011604352842840128 0.02
0.5128502897712041 0.026335285252865548 0.011282706374966488 0.02
0.5013655614676703 -0.03994925086228429 0.011030042352288745 0.02
0.4860319293400963 0.029374626451904584 0.010692702445482118 0.02
0.478627761768176 -0.0036171676251977036 0.010529810758899872 0.02
0.4636476090008061 -0.0020134823801669643 0.010200247398017734 0.02
0.4560719963496107 -0.00122142937929004 0.010033583919691435 0.02
0.4447819229791353 -6.463543935919525e-05 0.009785202305540976 0.023902201054191868
0.4335814839517618 0.001055043182602633 0.00953879264693876 0.023902201054191868
0.4259296565339419 0.0018039813404993055 0.009370452443746721 0.02
0.4259296565339419 0.001803981340506411 0.009370452443746721 0.02
0.41145624341370224 0.0031850889453239883 0.009052037355101449 0.02
0.40710417205598876 0.003591295540233963 0.008956291785231753 0.02
0.39608144156430747 0.004601326096864478 0.008713791714414764 0.02
0.388318718172466 0.005296467611731526 0.008543011799794251 0.02
0.3773959672364249 -0.02755086194661649 0.008302711279201347 0.02
0.36958637437281977 0.006918892204358373 0.008130900236202035 0.02
0.36657538984417876 0.00717241695659343 0.008064658576571931 0.02
0.36172924151993224 0.007576240421618863 0.00795804331343851 0.02
0.35091999741042856 0.00845819760268518 0.007720239943029428 0.02
0.35091999741042856 -0.025344619298728555 0.007720239943029428 0.02
0.3430239404207034 0.009086082614799373 0.007546526689255474 0.02
0.3323321700177181 0.00991424331733426 0.007311307740389798 0.02
0.3244030680696465 -0.02329077421993131 0.007136867497532224 0.02
0.3244030680696465 0.010512042681482425 0.007136867497532224 0.02
0.3164314556251264 0.011098992417934772 0.006961492023752781 0.02
0.3164314556251264 0.011098992417934772 0.006961492023752781 0.02
0.30587887140485215 -0.021948512601162706 0.006729335170906747 0.02
0.29788240885294875 0.012410212597449233 0.006553412994764872 0.02
0.29788240885294875 -0.02139260430393608 0.006553412994764872 0.02
0.28984648991161976 0.012954578552649476 0.006376622778055635 0.02
0.28984648991161976 0.012954578552663687 0.006376622778055635 0.02
0.28984648991161976 0.012954578552663687 0.006376622778055635 0.02
0.27716070733358933 -0.020018030573440315 0.006097535561338965 0.02
0.27716070733358933 0.01378478632797342 0.006097535561338965 0.02
0.27139528080163583 0.04795312013879838 0.005970696177635988 0.02
0.26330654956916083 -0.052954946212811604 0.005792744090521538 0.02
0.26330654956916083 -0.01915212931141208 0.005792744090521538 0.02
0.26330654956916083 0.014650687589987443 0.005792744090521538 0.023902201054191868
0.25307565216460226 -0.0185400084465126 0.0055676643476212494 0.023902201054191868
0.25307565216460226 0.015262808454886923 0.0055676643476212494 0.02
0.24497866312686414 -0.018072015418843845 0.005389530588791011 0.02
0.2429665934074984 -0.017957976334736836 0.005345265054964965 0.02
0.2429665934074984 0.049647657468090634 0.005345265054964965 0.02
0.2348983594078165 -0.017509706956768678 0.0051677639069719625 0.02
0.23684876094692026 0.016186069102271716 0.005210672740832245 0.02
0.22868682567222423 -0.050977247401754244 0.005031110164788933 0.02
0.22868682567222423 0.016628386401059014 0.005031110164788933 0.02
0.22868682567222423 0.016628386401059014 0.005031110164788933 0.02
0.21866894587394195 0.017151088371650358 0.0048107168092267226 0.023902201054191868
0.2204937613666717 -0.016745283995422966 0.004850862750066777 0.023902201054191868
0.21866894587394195 -0.016651728529749166 0.0048107168092267226 0.02
0.21050956212735614 0.017560374449854477 0.004631210366801835 0.02
0.21050956212735614 -0.016242442451559258 0.004631210366801835 0.02
0.21050956212735614 0.017560374449854477 0.004631210366801835 0.02
0.20232162837830375 0.017956251154475744 0.004451075824322683 0.02
0.20232162837830375 -0.01584656574693799 0.004451075824322683 0.02
0.20232162837830375 0.017956251154475744 0.004451075824322683 0.02
0.19410609803032688 -0.015464297429802265 0.004270334156667191 0.02
0.19410609803032688 0.01833851947161147 0.004270334156667191 0.02
0.19410609803032688 -0.015464297429802265 0.004270334156667191 0.02
0.18586394582193286 -0.015095831018902661 0.004089006808082523 0.02
0.18586394582193286 0.018706985882511074 0.004089006808082523 0.02
0.18586394582193286 0.018706985882511074 0.004089006808082523 0.02
0.18586394582193286 0.0018055774318042062 0.004089006808082523 0.035853301581295335
0.17612217382581954 -0.03158115817257068 0.0039327531609338745 0.035853301581295335
0.1775961672834879 0.019061462639303306 0.003907115680236733 0.02
0.17612217382581954 -0.01467974972186381 0.0038746878241680298 0.02
0.17612217382581954 0.019123067179549924 0.0038746878241680298 0.02
0.17612217382581954 -0.01467974972186381 0.0038746878241680298 0.02
0.16789592325037456 0.019458029733500082 0.00369371031150824 0.02
0.16789592325037456 -0.014344787167913653 0.00369371031150824 0.02
0.16789592325037456 -0.014344787167913653 0.00369371031150824 0.02
0.15964666966066154 0.01977885906076282 0.0035122267325345537 0.02
0.15964666966066154 -0.014023957840650914 0.0035122267325345537 0.02
0.15964666966066154 0.01977885906076282 0.0035122267325345537 0.02
0.15964666966066154 -0.014023957840650914 0.0035122267325345537 0.02
0.15964666966066154 0.01977885906076282 0.0035122267325345537 0.02
0.15137544373402623 -0.013717425234664127 0.003330259762148577 0.02
0.15137544373402623 -0.013717425234664127 0.003330259762148577 0.02
0.15137544373402623 0.020085391666749608 0.003330259762148577 0.02
0.15137544373402623 -0.013717425234664127 0.003330259762148577 0.02
0.15137544373402623 -0.013717425234664127 0.003330259762148577 0.02
0.14189705460416394 0.020418007542046812 0.0031217352012916063 0.02
0.1430832936681563 -0.04722816311640243 0.003147832460699439 0.02
0.1430832936681563 0.020377470686425037 0.003147832460699439 0.02
-1.468589608687643 -0.009530390044221404 0.03230897139112815 0.02
-1.366778347202348 0.022215807124251974 0.030069123638451656 0.02
-1.278527844183598 -0.0197318757505045 0.028127612572039155 0.02
-1.2060615125304832 0.03384842206281102 0.026533353275670628 0.02
-1.1448666702609547 -0.01796287676145658 0.025187066745741 0.02
-1.0882830317724197 -0.00409763636765792 0.023942226698993232 0.02
-1.039072259536091 -0.026419128619151744 0.022859589709794 0.02
-0.9898193687745949 0.018337109711895394 0.021776026113041087 0.02
-0.9475969968608307 -0.006504068273583075 0.020847133930938275 0.02
-0.9104900774865703 0.0010454269876580824 0.020030781704704546 0.02
-0.8749781374110849 0.007984476212302472 0.019249519023043865 0.02
-0.8511714147810849 -0.021323080278264017 0.01872577112518387 0.02
-0.8210972760767723 -0.015824060165582354 0.01806414007368899 0.02
-0.7913152541034756 0.023226703343960375 0.017408935590276464 0.02
-0.7674360235495911 -0.006510390539770761 0.016883592518091003 0.02
-0.7378150601204649 -0.0016427850741016492 0.016231931322650228 0.02
-0.7259445040887914 0.0002532885671937546 0.01597077908995341 0.02
-0.702256931509007 -0.029859326203985903 0.015449652493198154 0.02
-0.6839512080979647 0.006710037766197496 0.015046926578155224 0.02
-0.6603062493083264 0.010173519234835338 0.01452673748478318 0.02
-0.6485346233296747 -0.021951233282864413 0.014267761713252843 0.02
-0.6231993299340659 0.015358930110740632 0.01371038525854945 0.02
-0.6114175272111867 -0.01686133616627017 0.013451185598646106 0.02
-0.5996843151378045 0.018486911828717645 0.013193054933031698 0.02
-0.5880026035475675 -0.013807586156597829 0.012936057278046484 0.02
-0.5693131911006619 0.02234543178544124 0.012524890204214562 0.02
-0.5577088436287925 -0.010037112779431201 0.012269594559833433 0.02
-0.5389764998291462 -0.007807446048911704 0.011857482996241215 0.02
-0.5274705837654604 -0.006476501510759514 0.011604352842840128 0.02
-0.5201910459456235 -0.005649605318584827 0.011444203010803716 0.02
-0.5087298243155532 -0.004371520225812553 0.01119205613494217 0.02
-0.5013655614676703 -0.0035656748845975805 0.011030042352288745 0.02
-0.4899573262537283 0.0314617586523096 0.010779061177582022 0.02
-0.478627761768176 -0.0011534504589707506 0.010529810758899872 0.02
-0.4636476090008061 -0.033429691849633736 0.010200247398017734 0.02
-0.4560719963496107 0.034928999792435356 0.010033583919691435 0.02
-0.4447819229791353 -0.03157795526935403 0.009785202305540976 0.02
-0.4447819229791353 0.0022248616320525993 0.009785202305540976 0.02
-0.4335814839517618 0.003286886444307191 0.00953879264693876 0.02
-0.4259296565339419 0.0039964371281278055 0.009370452443746721 0.02
-0.41481428312106017 0.005004030718264829 0.009125914228663323 0.02
-0.40710417205598876 0.0056868479031717545 0.008956291785231753 0.02
-0.3993424536827075 -0.027441896859188297 0.008785533981019564 0.02
-0.3915295526610869 0.007025944869341716 0.008613650158543911 0.02
-0.388318718172466 0.00729532260583321 0.008543011799794251 0.02
-0.3805063771123649 0.007941201879858806 0.008371140296472027 0.02
-0.36958637437281977 -0.02498149368975322 0.008130900236202035 0.02
-0.36172924151993224 0.009438227153376388 0.00795804331343851 0.02
-0.36172924151993224 0.009438227153362178 0.00795804331343851 0.02
-0.3538251121739431 0.010045007603581624 0.007784152467826747 0.02
-0.35091999741042856 -0.023538272716597364 0.007720239943029428 0.02
-0.3430239404207034 0.010851784560956368 0.007546526689255474 0.02
-0.33508309769078787 0.011428411525735704 0.007371828149197333 0.02
-0.33508309769078787 0.011428411525735704 0.007371828149197333 0.02
-0.32709809700579284 0.01199414455716985 0.007196158134127442 0.02
-0.3190695956723733 -0.021254112643962708 0.007019531104792212 0.02
-0.3084180111024965 -0.02054042865534278 0.006785196244254923 0.02
-0.3084180111024965 0.013262388246070955 0.006785196244254923 0.02
-0.3084180111024965 -0.02054042865534278 0.006785196244254923 0.02
-0.3084180111024965 -0.02054042865534278 0.006785196244254923 0.02
-0.3003634415449125 0.04758817593105502 0.006607995713988075 0.02
-0.29788240885294875 -0.019859266577164858 0.006553412994764872 0.02
-0.28984648991161976 0.01444655170968634 0.006376622778055635 0.02
-0.28984648991161976 0.01444655170968634 0.006376622778055635 0.02
-0.28177186727335213 -0.018865265284873756 0.006198981080013747 0.02
-0.28177186727335213 0.014937551616539979 0.006198981080013747 0.02
-0.2736593210820904 -0.018386520106711046 0.006020505063805988 0.02
-0.2736593210820904 0.015416296794702689 0.006020505063805988 0.02
-0.2655096587899116 -0.01792027980095301 0.0058412124933780556 0.02
-0.26330654956916083 0.01600604747083101 0.005792744090521538 0.02
-0.26330654956916083 -0.017796769430568515 0.005792744090521538 0.02
-0.2551823906208184 0.016452199878735252 0.005614012593658004 0.02
-0.2551823906208184 0.016452199878749463 0.005614012593658004 0.02
-0.2551823906208184 0.016452199878735252 0.005614012593658004 0.02
-0.24702365005121815 -0.05072011269617249 0.005434520301126799 0.02
-0.24702365005121815 0.016885521106640766 0.005434520301126799 0.02
-0.24702365005121815 0.016885521106626555 0.005434520301126799 0.02
-0.2408464552414116 -0.016599036163522873 0.005298622015311055 0.02
-0.23883119958465762 -0.016497037378036872 0.005254286390862468 0.02
-0.23684876094692026 -0.016397578321813988 0.005210672740832245 0.02
-0.2306059362595526 0.01771274783411969 0.0050733305977101574 0.02
-0.22868682567222423 0.017805542644599104 0.005031110164788933 0.02
-0.22868682567222423 -0.01599727425681463 0.005031110164788933 0.02
-0.2204937613666717 0.018192515680321986 0.004850862750066777 0.02
-0.2204937613666717 -0.015610301221091749 0.004850862750066777 0.02
-0.2204937613666717 0.018192515680321986 0.004850862750066777 0.02
-0.212270495716091 -0.01523687017201536 0.004669950905754001 0.02
-0.212270495716091 0.018565946729398375 0.004669950905754001 0.02
-0.212270495716091 -0.01523687017201536 0.004669950905754001 0.02
-0.212270495716091 0.018565946729398375 0.004669950905754001 0.02
-0.20401797959254858 -0.014877186908810902 0.004488395551036068 0.02
-0.20401797959254858 0.018925629992602833 0.004488395551036068 0.02
-0.1957371865774664 0.0023699566716897102 0.0043062181047042606 0.035853301581295335
-0.1957371865774664 -0.031432860229724024 0.004370750272399736 0.035853301581295335
-0.1957371865774664 -0.014531451779017157 0.0043062181047042606 0.02
-0.1957371865774664 0.019271365122396578 0.0043062181047042606 0.02
-0.1957371865774664 -0.014531451779017157 0.0043062181047042606 0.02390220105418684
-0.1874291124436737 0.01960295751302943 0.004123440473760821 0.02390220105418684
-0.1874291124436737 -0.01419985938844115 0.004123440473760821 0.02
-0.1874291124436737 0.019602957513001007 0.004123440473760821 0.02
-0.17909477459664214 -0.013882598315186234 0.003940085041126127 0.02
-0.17909477459664214 0.0199202185862275 0.003940085041126127 0.02
-0.1775961672834879 -0.01382718512913983 0.003907115680236733 0.02
-0.1775961672834879 0.019975631772273905 0.003907115680236733 0.02
-0.16930377815578745 -0.013529564472192446 0.003724683119427324 0.02
-0.1707352114752828 -0.013579850829130713 0.0037561746524562216 0.02
-0.16930377815578745 0.02027325242922129 0.003724683119427324 0.02
-0.16930377815578745 -0.013529564472192446 0.003724683119427324 0.02
-0.16930377815578745 0.02027325242924971 0.003724683119427324 0.02
-0.16930377815578745 -0.06423378982434147 0.0038618016004660733 0.03585330158128529
1.3917015521982545 0.00749315062961875 0.030617434148361596 0.02
1.2971370057128062 0.0021272508781029487 0.028537014125681735 0.02
1.2169712146209535 -0.009121712958570782 0.026773366721660974 0.02
1.1525719972156676 0.007964083995366078 0.025356583938744685 0.02
1.0882830317724197 -0.009699529532355644 0.023942226698993232 0.02
1.0318198269657504 0.003719091044071643 0.022700036193246505 0.02
0.9851522094403643 -0.019526705837312974 0.021673348607688013 0.02
0.9357695914045828 0.02492137977022435 0.02058693101090082 0.02
0.9053021487624722 -0.0025834121676178157 0.019916647272774386 0.02
0.8695364039286193 -0.029255637970912796 0.019129800886429623 0.02
0.8272898084933772 0.012604416490034076 0.0182003757868543 0.02
0.7974457732516343 -0.015745126761546713 0.017543807011535954 0.02
0.7674360235495911 -0.010460736625442557 0.016883592518091003 0.02
0.7435065183015194 0.027412687295733207 0.016357143402633424 0.02
0.7196249120138116 -0.0024542749999010294 0.015831748064303854 0.02
0.7012599228662774 0.00048637497815628983 0.015427718303058101 0.02
0.6707516016847958 0.0052061189291601195 0.014756535237065506 0.02
0.6536358969195218 -0.02603921964396716 0.01437998973222948 0.02
0.6350267353903137 0.010470517575697835 0.013970588178586901 0.02
0.6162969373960713 0.013117441246701889 0.013558532622713568 0.02
0.5974585864753968 -0.018101583912718322 0.01314408890245873 0.02
0.5856441173545324 0.01728150248038096 0.012884170581799711 0.02
0.5738858942964037 -0.014979301408496015 0.01262548967452088 0.02
0.5549957273385867 0.021236640864980227 0.012209906001448907 0.02
0.5433264688263294 -0.011115026742087641 0.011953182314179247 0.02
0.5244092235441183 -0.008826699486093492 0.011537002917970603 0.02
0.5128502897712041 -0.007467531648541081 0.011282706374966488 0.02
0.5013655614676703 -0.0061464339608705565 0.011030042352288745 0.02
0.48645734054528994 0.029327659293630237 0.010702061491996378 0.02
0.47501075626509687 -0.0032253954605627744 0.01045023663783213 0.02
0.46744987204615696 -0.002415817264232567 0.010283897185015453 0.02
0.4560719963496107 -0.0012214293792829345 0.010033583919691435 0.02
0.4447819229791353 -6.463543936630067e-05 0.009785202305540976 0.02
0.43713866872033735 0.000702455396138113 0.009617050711847422 0.02
0.4259296565339419 0.001803981340506411 0.009370452443746721 0.02
0.4182243295792291 0.002545035136388041 0.00920093525074304 0.02
0.41046586456376605 0.003277896485001097 0.009030249020402852 0.02
0.3993424536827075 0.004305320812661773 0.008785533981019564 0.02
0.3915295526610869 0.005010562233748628 0.008613650158543911 0.02
0.38366592426060625 -0.028096103042422937 0.008440650333733337 0.02
0.3805063771123649 0.005982560597348474 0.008371140296472027 0.02
0.3726449038498295 0.006659305801735016 0.00819818788469625 0.02
0.3647348142644133 0.007326403203341547 0.008024165913817091 0.02
0.3538251121739431 0.008223707059941798 0.007784152467826747 0.02
0.3538251121739431 -0.025579109841471936 0.007784152467826747 0.02
0.34587455983724136 0.008860999523693458 0.00760924031641931 0.02
0.33508309769078787 0.009703584748350202 0.007371828149197333 0.02
0.33508309769078787 0.009703584748364413 0.007371828149197333 0.02
0.32709809700579284 0.010310420249898034 0.007196158134127442 0.02
0.3190695956723733 -0.022896510563338746 0.007019531104792212 0.02
0.3164314556251264 0.011098992417934772 0.006961492023752781 0.02
0.3084180111024965 -0.022127997971250313 0.006785196244254923 0.02
0.3084180111024965 0.011674818930163422 0.006785196244254923 0.02
0.3003634415449125 0.0122392502868085 0.006607995713988075 0.02
0.3003634415449125 0.029140658737501157 0.006607995713988075 0.03585330158129031
0.28984648991161976 -0.037749646799442704 0.0064721816374618945 0.03585330158129031
0.28177186727335213 0.013487142254990703 0.006198981080013747 0.02
0.28177186727335213 -0.02031567464639461 0.006198981080013747 0.02
0.28177186727335213 0.013487142254990703 0.006198981080013747 0.02
0.2736593210820904 -0.01979517046278012 0.006020505063805988 0.02
0.2655096587899116 0.04831865370486654 0.0058412124933780556 0.02
0.2655096587899116 -0.019286980097946715 0.0058412124933780556 0.02
0.2655096587899116 -0.019286980097946715 0.0058412124933780556 0.02
0.2551823906208184 0.015138658779572323 0.005614012593658004 0.02
0.2551823906208184 -0.018664158121841412 0.005614012593658004 0.02
0.24702365005121815 0.015613976796621465 0.005434520301126799 0.02
0.24702365005121815 -0.0012874316540854025 0.005434520301126799 0.03585330158128529
0.23883119958465762 -0.0008250029278515925 0.005254286390862468 0.03585330158128529
0.23883119958465762 0.016076405522855275 0.005254286390862468 0.02
0.23684876094692026 -0.017616747799127808 0.005210672740832245 0.02
0.22868682567222423 -0.01717443050035472 0.005031110164788933 0.02
0.2306059362595526 0.016525713045966173 0.0050733305977101574 0.02
0.2204937613666717 0.01705753290599077 0.004850862750066777 0.02
0.2204937613666717 -0.016745283995422966 0.004850862750066777 0.02
0.2223487820699473 0.016961671974324632 0.00489167320553884 0.02
0.2204937613666717 -0.016745283995422966 0.004850862750066777 0.02
0.212270495716091 0.01747329288448607 0.004669950905754001 0.02
0.212270495716091 -0.016329524016927666 0.004669950905754001 0.02
0.20401797959254858 0.017875455642743177 0.004488395551036068 0.02
0.20401797959254858 -0.04973017816008429 0.004488395551036068 0.02
0.20401797959254858 0.017875455642743177 0.004488395551036068 0.02
0.1957371865774664 0.018263815821752072 0.0043062181047042606 0.02
0.1957371865774664 -0.015539001079661663 0.0043062181047042606 0.02
0.19410609803032688 0.01833851947161147 0.004270334156667191 0.02
0.1874291124436737 -0.015164643211379891 0.004123440473760821 0.02
0.1874291124436737 0.05244099059144758 0.004123440473760821 0.02
0.1957371865774664 -0.015539001079661663 0.005766962164970653 0.047804402108383735
0.17909477459664214 0.05280115233373128 0.005065565183694262 0.047804402108383735
0.17909477459664214 -0.04860729837045308 0.003940085041126127 0.02
0.17909477459664214 -0.014804481469096187 0.003940085041126127 0.02390220105418684
0.17909477459664214 -0.014804481469039343 0.003940085041126127 0.02390220105418684
0.1775961672834879 0.019061462639274884 0.003907115680236733 0.02
0.16930377815578745 -0.014401048865395394 0.003724683119427324 0.02
0.16930377815578745 0.01940176803598992 0.003724683119427324 0.02
0.16930377815578745 -0.014401048865423816 0.003724683119427324 0.02
0.16930377815578745 0.05320458493737523 0.003724683119427324 0.02
0.16235148191281495 -0.04793030724578062 0.003571732602081929 0.02
0.16098781377080748 -0.014075090227432918 0.0035417319029577643 0.02
0.16098781377080748 0.019727726673980817 0.0035417319029577643 0.02
0.16098781377080748 -0.014075090227432918 0.0035417319029577643 0.02
0.15264932839526515 0.020039169721434602 0.003358285224695833 0.02
0.15264932839526515 -0.013763647179979133 0.003358285224695833 0.02
0.15264932839526515 0.020039169721434602 0.003358285224695833 0.02
0.15264932839526515 -0.013763647179979133 0.003358285224695833 0.02
0.15264932839526515 -0.013763647179979133 0.003358285224695833 0.02
0.14428939453774245 0.02033593516566845 0.0031743666798303336 0.02
0.14428939453774245 -0.013466881735745284 0.0031743666798303336 0.02
0.14428939453774245 -0.013466881735745284 0.0031743666798303336 0.02
0.14428939453774245 0.054138752067082185 0.0031743666798303336 0.02
0.14428939453774245 -0.013466881735745284 0.0031743666798303336 0.02
-1.519559159391478 0.007515949378408493 0.03343030150661251 0.02
-1.4014925486391092 0.011649692059136019 0.0308328360700604 0.02
-1.3156139361740782 -0.030303890965377 0.02894350659582972 0.02
-1.2357132291041089 0.025896654162296917 0.027185691040290394 0.02
-1.174714885230589 -0.025562930169058973 0.025843727475072957 0.02
-1.1108940186339262 0.02424976373819554 0.024439668409946377 0.02
-1.0620665024793434 0.0020857626439065857 0.023365463054545555 0.02
-1.013087483166104 -0.02057329631364957 0.022287924629654288 0.02
-0.9711120116570922 -0.01144632012103508 0.021364464256456026 0.02
-0.9289815570439169 -0.0026785424553890103 0.020437594254966173 0.02
-0.8921338360465839 0.0046671628442465085 0.019626944393024846 0.02
-0.8630858053269945 0.010245734535001771 0.01898788771719388 0.02
-0.8267946189469824 -0.016850413003861142 0.018189481616833612 0.02
-0.7973023629557582 -0.011615316984586288 0.01754065198502668 0.02
-0.7734939638391385 -0.007529856198048801 0.017016867204461047 0.02
-0.7496990507181244 -0.003572306131110148 0.016493379115798734 0.02
-0.7259445040887914 0.0002532885671973073 0.01597077908995341 0.02
-0.7012599228662774 0.004096082245376165 0.015427718303058101 0.02
-0.6839512080979647 0.006710037766201049 0.015046926578155224 0.02
-0.6654941780324244 0.009424215732512842 0.014640871916713335 0.02
-0.6485346233296747 -0.021951233282857308 0.014267761713252843 0.02
-0.6300339095459151 0.014426790485749796 0.013860746010010132 0.02
-0.6114175272111867 -0.016861336166277274 0.013451185598646106 0.02
-0.5949630479838942 -0.014702660851410254 0.013089187055645672 0.02
-0.5809769580203017 0.020887794644746327 0.012781493076446637 0.02
-0.5693131911006619 -0.011457385115972496 0.012524890204214562 0.02
-0.5505493997838679 0.024627062937118804 0.012112086795245091 0.02
-0.5389764998291462 -0.007807446048911704 0.011857482996241215 0.02
-0.5317240672588056 -0.006965101899718551 0.011697929479693723 0.02
-0.5201910459456235 -0.005649605318577722 0.011444203010803716 0.02
-0.5087298243155532 -0.004371520225819658 0.01119205613494217 0.02
-0.4899573262537283 -0.0023410582490970278 0.010779061177582022 0.02
-0.4825132950224769 -0.0015575396268094899 0.010615292490494492 0.02
-0.47501075626509687 -0.0007802966847985093 0.01045023663783213 0.02
-0.4636476090008061 0.0003731250517799989 0.010200247398017734 0.02
-0.45236989166241065 0.0014895631759090922 0.009952137616573034 0.02
-0.4447819229791353 0.0022248616320597048 0.009785202305540976 0.02
-0.4335814839517618 0.00328688644429298 0.00953879264693876 0.02
-0.4259296565339419 0.0039964371281278055 0.009370452443746721 0.02
-0.4259296565339419 0.0039964371281278055 0.009370452443746721 0.02
-0.41481428312106017 0.00500403071827904 0.009125914228663323 0.02
-0.40710417205598876 0.005686847903157544 0.008956291785231753 0.02
-0.3993424536827075 0.0063609200422254375 0.008785533981019564 0.02
-0.388318718172466 0.00729532260583321 0.008543011799794251 0.02
-0.388318718172466 -0.026507494295580525 0.008543011799794251 0.02
-0.3805063771123649 0.007941201879858806 0.008371140296472027 0.02
-0.36958637437281977 0.008821323211660514 0.008130900236202035 0.02
-0.36958637437281977 -0.02498149368975322 0.008130900236202035 0.02
-0.36172924151993224 0.009438227153376388 0.00795804331343851 0.02
-0.3538251121739431 0.010045007603553202 0.007784152467826747 0.02
-0.34587455983724136 -0.02316144198267711 0.00760924031641931 0.02
-0.3430239404207034 0.010851784560942157 0.007546526689255474 0.02
-0.33508309769078787 0.011428411525735704 0.007371828149197333 0.02
-0.33508309769078787 -0.02237440537567803 0.007371828149197333 0.02
-0.3244030680696465 0.012181894435640883 0.007136867497532224 0.02
-0.3244030680696465 0.012181894435640883 0.007136867497532224 0.02
-0.3164314556251264 -0.021075006283975517 0.006961492023752781 0.02
-0.3164314556251264 0.012727810617438218 0.006961492023752781 0.02
-0.3084180111024965 -0.02054042865534278 0.006785196244254923 0.02390220105419689
-0.3003634415449125 0.013785359029641286 0.006607995713988075 0.02390220105419689
-0.29788240885294875 0.013943550324263088 0.006553412994764872 0.02
-0.29788240885294875 -0.019859266577164858 0.006553412994764872 0.02
-0.28984648991161976 0.014446551709672129 0.006376622778055635 0.02
-0.28177186727335213 0.014937551616539979 0.006198981080013747 0.02
-0.2736593210820904 -0.018386520106711046 0.006020505063805988 0.02
-0.2736593210820904 0.015416296794702689 0.006020505063805988 0.023902201054191868
-0.2736593210820904 -0.018386520106711046 0.006020505063805988 0.023902201054191868
-0.2736593210820904 0.015416296794702689 0.006020505063805988 0.02
-0.2655096587899116 -0.01792027980095301 0.0058412124933780556 0.02
-0.26330654956916083 -0.017796769430582726 0.005792744090521538 0.02
-0.2551823906208184 0.016452199878749463 0.005614012593658004 0.02
-0.2551823906208184 0.016452199878749463 0.005614012593658004 0.02
-0.2551823906208184 -0.017350617022664272 0.005614012593658004 0.02
-0.24702365005121815 0.016885521106640766 0.005434520301126799 0.02
-0.24702365005121815 -0.01691729579477297 0.005434520301126799 0.02
-0.24702365005121815 0.016885521106640766 0.005434520301126799 0.02390220105419689
-0.23883119958465762 -0.016497037378036872 0.005254286390862468 0.02390220105419689
-0.23883119958465762 0.017305779523376863 0.005254286390862468 0.02
-0.23684876094692026 -0.016397578321813988 0.005210672740832245 0.02
-0.22868682567222423 0.017805542644599104 0.005031110164788933 0.02
-0.22868682567222423 -0.01599727425681463 0.005031110164788933 0.02
-0.2204937613666717 0.018192515680321986 0.004850862750066777 0.02
-0.2204937613666717 -0.015610301221091749 0.004850862750066777 0.02
-0.2204937613666717 -0.015610301221091749 0.004850862750066777 0.02
-0.212270495716091 0.018565946729398375 0.004669950905754001 0.02
-0.212270495716091 0.018565946729398375 0.004669950905754001 0.02
-0.212270495716091 -0.01523687017201536 0.004669950905754001 0.02
-0.212270495716091 -0.01523687017201536 0.004669950905754001 0.02
-0.20401797959254858 0.018925629992602833 0.004488395551036068 0.02390220105419689
-0.20401797959254858 -0.014877186908810902 0.004488395551036068 0.02390220105419689
-0.20401797959254858 0.018925629992602833 0.004488395551036068 0.02
-0.20401797959254858 -0.014877186908810902 0.004488395551036068 0.02
-0.20232162837830375 -0.014805123296772305 0.004451075824322683 0.02
-0.19739555984988075 0.036104751823895054 0.004342702316697376 0.035853301581295335
-0.19739555984988075 0.002301934922481319 0.004342702316697376 0.035853301581295335
-0.1957371865774664 -0.014531451779017157 0.0043062181047042606 0.02
-0.1874291124436737 0.019602957513001007 0.004123440473760821 0.02
-0.1874291124436737 -0.014199859388412728 0.004123440473760821 0.02
-0.18586394582193286 -0.014139103828212374 0.004089006808082523 0.02
-0.18586394582193286 0.01966371307320136 0.004089006808082523 0.02
-0.17909477459664214 0.053723035487641235 0.003940085041126127 0.02
-0.17909477459664214 -0.04768541521659997 0.003940085041126127 0.02
-0.1775961672834879 -0.047630002030553564 0.003907115680236733 0.02
-0.1775961672834879 0.05377844867368764 0.003907115680236733 0.02
-0.1775961672834879 -0.01382718512913983 0.003907115680236733 0.02
-0.16930377815578745 -0.013529564472192446 0.003724683119427324 0.02
-0.16930377815578745 0.02027325242922129 0.003724683119427324 0.02
-0.1707352114752828 -0.013579850829130713 0.0037561746524562216 0.02
1.4168516623365468 0.033399124176225925 0.03117073657140403 0.02
1.3195807383028326 -0.0044424234403532825 0.029030776242662315 0.02
1.2409596952686812 -0.01572121099707746 0.027301113295910985 0.02
1.1681416732430239 0.003917581706220252 0.025699116811346522 0.02
1.1033464547487397 0.02040396058828553 0.02427362200447227 0.02
1.0463871032507783 0.00032481335400347255 0.023020516271517123 0.02
0.9922721123771914 0.012696687579957455 0.02182998647229821 0.02
0.9544993893988254 -0.012855306704274927 0.020998986566774156 0.02
0.9119902906774204 -0.003948305498981952 0.02006378639490325 0.02
0.8760580505981934 0.0032681100289919662 0.019273277113160254 0.02
0.8335536764573638 -0.022368048853076417 0.018338180882062002 0.02
0.8033603032453056 0.016992646385080024 0.017673926671396722 0.02
0.7733505535432623 -0.011486419115335655 0.01701371217795177 0.02
0.7492693128846728 0.026443996437989226 0.0164839248834628 0.02
0.7252299122424386 -0.03716947619946076 0.015955058069333648 0.02
0.7012599228662774 0.03428919187956647 0.015427718303058101 0.02
0.6839512080979647 -0.030613390488851477 0.015046926578155224 0.02
0.6588060361174762 0.006997908064735547 0.014493732794584477 0.02
0.6350267353903137 0.01047051757570494 0.013970588178586901 0.02
0.6162969373960713 -0.02068537565470474 0.013558532622713568 0.02
0.6044717026433267 0.014748537983447996 0.013298377458153187 0.02
0.5856441173545324 -0.016521314421025668 0.012884170581799711 0.02
0.5738858942964037 0.018823515492910614 0.01262548967452088 0.02
0.5549957273385867 -0.012566176036426402 0.012209906001448907 0.02
0.5433264688263294 0.022687790159318988 0.011953182314179247 0.02
0.5317240672588056 -0.009702130164344958 0.011697929479693723 0.02
0.5128502897712041 -0.007467531648548187 0.011282706374966488 0.02
0.5013655614676703 -0.006146433960863451 0.011030042352288745 0.02
0.49394136891958124 -0.005307988855931978 0.010866710116230787 0.02
0.4825132950224769 0.02976155948212167 0.010615292490494492 0.02
0.47501075626509687 -0.0032253954605627744 0.01045023663783213 0.02
0.4636476090008061 -0.0020134823801740698 0.010200247398017734 0.02
0.4560719963496107 -0.0012214293792829345 0.010033583919691435 0.02
0.4447819229791353 -6.463543935919525e-05 0.009785202305540976 0.02
0.43713866872033735 0.0007024553961310076 0.009617050711847422 0.02
0.4259296565339419 0.001803981340506411 0.009370452443746721 0.02
0.4182243295792291 -0.03125778176501859 0.00920093525074304 0.02
0.40710417205598876 0.0373941124416477 0.008956291785231753 0.02
0.3993424536827075 -0.029497496088751962 0.008785533981019564 0.02
0.388318718172466 0.03909928451313105 0.008543011799794251 0.02
0.3805063771123649 -0.02782025630403684 0.008371140296472027 0.02
0.3726449038498295 0.006659305801720805 0.00819818788469625 0.02
0.36958637437281977 0.006918892204358373 0.008130900236202035 0.02
0.36172924151993224 0.007576240421618863 0.00795804331343851 0.02
0.3538251121739431 0.00822370705995601 0.007784152467826747 0.02
0.3538251121739431 -0.025579109841471936 0.007784152467826747 0.02
0.3430239404207034 0.009086082614799373 0.007546526689255474 0.02
0.33508309769078787 -0.02409923215304932 0.007371828149197333 0.02
0.32709809700579284 0.010310420249898034 0.007196158134127442 0.02
0.32709809700579284 0.010310420249883823 0.007196158134127442 0.02
0.3164314556251264 0.011098992417934772 0.006961492023752781 0.02
0.3164314556251264 0.011098992417934772 0.006961492023752781 0.02
0.3084180111024965 -0.022127997971250313 0.006785196244254923 0.02
0.3003634415449125 0.0122392502868085 0.006607995713988075 0.02
0.3003634415449125 -0.021563566614605234 0.006607995713988075 0.02
0.28984648991161976 0.012954578552663687 0.006376622778055635 0.02
0.28984648991161976 0.012954578552663687 0.006376622778055635 0.02
0.28177186727335213 -0.02031567464640882 0.006198981080013747 0.02
0.28177186727335213 0.013487142255004914 0.006198981080013747 0.02
0.2736593210820904 0.014007646438605192 0.006020505063805988 0.02
0.2736593210820904 -0.01979517046278012 0.006020505063805988 0.02
0.2655096587899116 0.014515836803452808 0.0058412124933780556 0.02
0.2655096587899116 -0.019286980097932505 0.0058412124933780556 0.02
0.25732371497108864 0.015011462339212578 0.005661121729363949 0.02
0.26330654956916083 -0.01915212931139787 0.005792744090521538 0.02
0.2551823906208184 0.015138658779558112 0.005614012593658004 0.02
0.24702365005121815 -0.01818884010479227 0.005434520301126799 0.02
0.24702365005121815 0.015613976796621465 0.005434520301126799 0.02
0.24702365005121815 0.015613976796621465 0.005434520301126799 0.02
0.23883119958465762 -0.01772641137855846 0.005254286390862468 0.02
0.23883119958465762 0.016076405522855275 0.005254286390862468 0.02
0.22868682567222423 -0.01717443050035472 0.005031110164788933 0.02
0.2306059362595526 0.016525713045966173 0.0050733305977101574 0.02
0.2204937613666717 -0.016745283995422966 0.004850862750066777 0.02
0.2204937613666717 0.01705753290599077 0.004850862750066777 0.02
0.2204937613666717 -0.016745283995408755 0.004850862750066777 0.02
0.2204937613666717 0.017057532905962347 0.004850862750066777 0.02
0.212270495716091 -0.016329524016927666 0.004669950905754001 0.02
0.212270495716091 -0.016329524016899244 0.004669950905754001 0.02
0.212270495716091 0.017473292884457647 0.004669950905754001 0.02
0.20401797959254858 -0.015927361258642136 0.004488395551036068 0.02
0.20401797959254858 0.05167827254412849 0.004488395551036068 0.02
0.20401797959254858 -0.04973017816005587 0.004488395551036068 0.02
0.1957371865774664 0.01826381582172365 0.0043062181047042606 0.02
0.1957371865774664 -0.049341817981046976 0.0043062181047042606 0.02
0.1874291124436737 0.052440990591419157 0.004123440473760821 0.02
0.1874291124436737 -0.048967460112765204 0.004123440473760821 0.02390220105418684
0.1832619435201579 0.0526229969409715 0.004031762757443474 0.02390220105418684
0.18586394582193286 -0.015095831018902661 0.004089006808082523 0.02
0.1775961672834879 0.019061462639303306 0.003907115680236733 0.02
0.17909477459664214 -0.014804481469067765 0.003940085041126127 0.02
0.1775961672834879 0.019061462639303306 0.003907115680236733 0.02
0.16930377815578745 -0.014401048865423816 0.003724683119427324 0.02
0.1775961672834879 -0.014741354262110429 0.003907115680236733 0.02
0.16930377815578745 0.01940176803598992 0.003724683119427324 0.02
0.1707352114752828 -0.014458703467840728 0.0037561746524562216 0.02
0.16930377815578745 0.01940176803598992 0.003724683119427324 0.02
0.16098781377080748 -0.014075090227432918 0.0035417319029577643 0.02
0.16098781377080748 0.019727726673980817 0.0035417319029577643 0.02
0.16098781377080748 -0.014075090227432918 0.0035417319029577643 0.02
0.16098781377080748 0.019727726673980817 0.0035417319029577643 0.02
0.16098781377080748 -0.014075090227432918 0.0035417319029577643 0.02
0.15264932839526515 -0.013763647180007554 0.003358285224695833 0.02
0.15264932839526515 0.020039169721463024 0.003358285224695833 0.02
0.15264932839526515 -0.013763647179979133 0.003358285224695833 0.02
0.15264932839526515 0.020039169721434602 0.003358285224695833 0.02
0.15394466445834992 -0.013811016485100414 0.003386782618083698 0.02
-1.519992622736675 0.00737097571096057 0.033439837700206844 0.02
-1.4000611153196139 0.012090666342335465 0.030801344537031504 0.02
-1.3030472727742226 -0.02668738646513913 0.028667040001032897 0.02
-1.2220253232109897 -0.004211217361377972 0.02688455711064177 0.02
-1.1491088075979958 0.01477183716288688 0.025280393767155906 0.02
-1.0918827282473107 -0.004958557209086223 0.024021420021440833 0.02
-1.0377622166174065 0.007681994729536568 0.022830768765582942 0.02
-0.9875669566860051 0.01882516347205998 0.02172647304709211 0.02
-0.9544993893988254 -0.007942059461530704 0.020998986566774156 0.02
-0.9119902906774204 0.000746127866663393 0.02006378639490325 0.02
-0.8814868789148153 -0.027069220283882478 0.019392711336125936 0.02
-0.8455664145524581 0.013519811430018569 0.018602461120154075 0.02
-0.8153293417512567 0.01901049367796892 0.017937245518527645 0.02
-0.7913861157813615 -0.01058836678161601 0.01741049454718995 0.02
-0.7674360235495911 -0.006510390539774313 0.016883592518091003 0.02
-0.7435065183015194 -0.002562959686467803 0.016357143402633424 0.02
-0.7259445040887914 0.0002532885671973073 0.01597077908995341 0.02
-0.702256931509007 0.003943490697420726 0.015449652493198154 0.02
-0.690446457054692 0.005736915581634028 0.015189822055203223 0.02
-0.6721128273807938 -0.025343211299267532 0.014786482202377462 0.02
-0.6485346233296747 0.011851583618549322 0.014267761713252843 0.02
-0.6300339095459151 -0.01937602641566394 0.013860746010010132 0.02
-0.6182963634663426 0.01602124406927863 0.013602519996259537 0.02
-0.5926974047350627 0.019392684664055304 0.013039342904171379 0.02
-0.5880026035475675 -0.013807586156590723 0.012936057278046484 0.02
-0.5763752205911837 -0.0123363333819404 0.012680254853006041 0.02
-0.5621867439000292 -0.010581630888418347 0.012368108365800642 0.02
-0.5505493997838679 0.024627062937118804 0.012112086795245091 0.02
-0.5389764998291462 -0.007807446048918809 0.011857482996241215 0.02
-0.5274705837654604 -0.006476501510752408 0.011604352842840128 0.02
-0.5087298243155532 -0.004371520225819658 0.01119205613494217 0.02
-0.49394136891958124 -0.0027654455123928834 0.010866710116230787 0.02
-0.4899573262537283 0.0314617586523096 0.010779061177582022 0.02
-0.4825132950224769 -0.035360356528223225 0.010615292490494492 0.02
-0.47116626431311 0.03341596227967103 0.01036565781488842 0.02
-0.4636476090008061 -0.033429691849633736 0.010200247398017734 0.02
-0.45236989166241065 0.0014895631759161976 0.009952137616573034 0.02
-0.4447819229791353 0.002224861632045494 0.009785202305540976 0.02
-0.4335814839517618 0.003286886444307191 0.00953879264693876 0.02
-0.4259296565339419 0.0039964371281278055 0.009370452443746721 0.02
-0.4182243295792291 0.00469782806321728 0.00920093525074304 0.02
-0.40710417205598876 0.03948966480457128 0.008956291785231753 0.02
-0.3993424536827075 -0.06124471376058782 0.008785533981019564 0.02
-0.39608144156430747 0.006640139397604328 0.008713791714414764 0.02
-0.388318718172466 0.00729532260583321 0.008543011799794251 0.02
-0.3805063771123649 0.007941201879858806 0.008371140296472027 0.02
-0.36958637437281977 0.008821323211660514 0.008130900236202035 0.02
-0.36958637437281977 0.008821323211646304 0.008130900236202035 0.02
-0.36172924151993224 -0.024364589748023135 0.00795804331343851 0.02
-0.35091999741042856 0.044067361086230106 0.007720239943029428 0.02
-0.3538251121739431 -0.023757809297846322 0.007784152467826747 0.02
-0.3430239404207034 -0.022951032340457367 0.007546526689255474 0.02
-0.33508309769078787 0.04523122842714944 0.007371828149197333 0.02
-0.33508309769078787 -0.02237440537567803 0.007371828149197333 0.02
-0.32709809700579284 -0.021808672344229674 0.007196158134127442 0.02
-0.32709809700579284 0.011994144557184061 0.007196158134127442 0.02
-0.3164314556251264 0.012727810617438218 0.006961492023752781 0.02
-0.3164314556251264 -0.021075006283975517 0.006961492023752781 0.02
-0.3084180111024965 -0.02054042865534278 0.006785196244254923 0.02
-0.3084180111024965 0.013262388246056744 0.006785196244254923 0.02
-0.29788240885294875 0.013943550324263088 0.006553412994764872 0.02
-0.29788240885294875 0.013943550324234666 0.006553412994764872 0.02
-0.28984648991161976 -0.019356265191727395 0.006376622778055635 0.02
-0.28984648991161976 0.01444655170968634 0.006376622778055635 0.02
-0.28177186727335213 -0.018865265284873756 0.006198981080013747 0.02
-0.28177186727335213 0.014937551616539979 0.006198981080013747 0.02
-0.27139528080163583 0.01554729953713685 0.005970696177635988 0.02390220105419689
-0.2736593210820904 -0.018386520106711046 0.006020505063805988 0.02390220105419689
-0.2736593210820904 0.015416296794702689 0.006020505063805988 0.02
-0.26330654956916083 -0.017796769430582726 0.005792744090521538 0.02
-0.26330654956916083 0.01600604747083101 0.005792744090521538 0.02
-0.2551823906208184 -0.017350617022664272 0.005614012593658004 0.02
-0.2551823906208184 0.016452199878749463 0.005614012593658004 0.02
-0.2551823906208184 -0.017350617022664272 0.005614012593658004 0.02
-0.24702365005121815 -0.01691729579477297 0.005434520301126799 0.02
-0.24702365005121815 0.08449115490945402 0.005434520301126799 0.02
-0.23883119958465762 -0.08410267118085013 0.005254286390862468 0.02
-0.23883119958465762 0.017305779523376863 0.005254286390862468 0.02
-0.23883119958465762 0.017305779523376863 0.005254286390862468 0.02
-0.2306059362595526 -0.016090069067294044 0.0050733305977101574 0.02
-0.22868682567222423 0.017805542644599104 0.005031110164788933 0.02
-0.22868682567222423 -0.01599727425681463 0.005031110164788933 0.02
-0.2204937613666717 -0.015610301221091749 0.004850862750066777 0.02
-0.2204937613666717 0.018192515680321986 0.004850862750066777 0.02
-0.2204937613666717 0.018192515680321986 0.004850862750066777 0.02
-0.2204937613666717 -0.015610301221091749 0.004850862750066777 0.02
-0.20401797959254858 0.018925629992602833 0.004488395551036068 0.02
-0.212270495716091 -0.01523687017201536 0.004669950905754001 0.02
-0.212270495716091 0.018565946729398375 0.004669950905754001 0.02
-0.21050956212735614 -0.015158852941517642 0.004631210366801835 0.02
-0.20401797959254858 -0.014877186908810902 0.004488395551036068 0.02
-0.20401797959254858 -0.014877186908810902 0.004488395551036068 0.02
-0.20401797959254858 0.05272844689401657 0.004488395551036068 0.02390220105418684
-0.1957371865774664 -0.014531451779017157 0.0043062181047042606 0.02390220105418684
-0.1957371865774664 -0.014531451779017157 0.0043062181047042606 0.02
-0.1957371865774664 -0.014531451779017157 0.0043062181047042606 0.02390220105419689
-0.1824793602092875 0.01979323601608063 0.004014545924604325 0.02390220105419689
-0.1874291124436737 -0.014199859388412728 0.004123440473760821 0.02390220105419689
-0.1874291124436737 0.019602957513001007 0.004123440473760821 0.02
-0.1874291124436737 -0.014199859388412728 0.004123440473760821 0.02
-0.1874291124436737 -0.014199859388412728 0.004123440473760821 0.02
-0.17909477459664214 0.0199202185862275 0.003940085041126127 0.02
-0.17909477459664214 -0.013882598315186234 0.003940085041126127 0.02
-0.1707352114752828 0.020222966072283022 0.0037561746524562216 0.02
-0.1775961672834879 -0.01382718512913983 0.003907115680236733 0.02
-0.16930377815578745 -0.013529564472192446 0.003724683119427324 0.02
-0.16930377815578745 0.054076069330635024 0.003724683119427324 0.02
-0.1707352114752828 -0.013579850829130713 0.0037561746524562216 0.02
-0.16930377815578745 -0.013529564472192446 0.003724683119427324 0.02
-0.16930377815578745 -0.013529564472192446 0.003724683119427324 0.02
-0.16235148191281495 0.020511024284773027 0.003571732602081929 0.02
-0.16098781377080748 0.02055640497478417 0.0035417319029577643 0.02
1.4265069322571542 -0.0034725977683467413 0.03138315250965739 0.02
1.331965127210239 0.02568743986505373 0.029303232798625258 0.02
1.2543648711697701 -0.019464705166959195 0.027596027165734942 0.02
1.1824776086224307 0.0001441867626579274 0.026014507389693475 0.02
1.1260144038157613 0.014742252787412369 0.024772316883946748 0.02
1.073453610448074 -0.006106822432289105 0.023615979429857627 0.02
1.017502001472604 -0.02679342914035132 0.022385044032397286 0.02
0.9711120116570922 -0.0164450801691427 0.021364464256456026 0.02
0.9289815570439169 0.026342379219681966 0.020437594254966173 0.02
0.8921338360465839 -0.03372787712068215 0.019626944393024846 0.02
0.8567056281827387 0.007036103924585646 0.018847523820020248 0.02
0.8210972760767723 0.013752191509575296 0.01806414007368899 0.02
0.7973023629557582 -0.01571939885193374 0.01754065198502668 0.02
0.7615931372123783 -0.009455095600379604 0.01675504901867232 0.02
0.7378150601204649 -0.005440658441080881 0.016231931322650228 0.02
0.707710521467902 -0.000537989959891183 0.015569631472293843 0.02
0.6958181893838117 0.0013433549485244445 0.015308000166443856 0.02
0.6654941780324244 0.005998611199300008 0.014640871916713335 0.02
0.6536358969195218 0.007763597257435917 0.01437998973222948 0.02
0.6350267353903137 -0.02333229932570169 0.013970588178586901 0.02
0.6114175272111867 0.013794233588509508 0.013451185598646106 0.02
0.5926974047350627 0.016341798595463475 0.013039342904171379 0.02
0.5880026035475675 -0.01683430592476798 0.012936057278046484 0.02
0.5621867439000292 0.020327352344730043 0.012368108365800642 0.02
0.5505493997838679 -0.01200968487145504 0.012112086795245091 0.02
0.5317240672588056 -0.009702130164344958 0.011697929479693723 0.02
0.5244092235441183 -0.008826699486093492 0.011537002917970603 0.02
0.5054483408736572 -0.006612728537757073 0.011119863499220457 0.02
0.49394136891958124 -0.005307988855931978 0.010866710116230787 0.02
0.4825132950224769 0.02976155948212167 0.010615292490494492 0.02
0.47501075626509687 -0.0032253954605627744 0.01045023663783213 0.02
0.4560719963496107 -0.00122142937929004 0.010033583919691435 0.02
0.448439656075069 -0.00043631552435585697 0.009865672433651518 0.02
0.43713866872033735 0.000702455396138113 0.009617050711847422 0.02
0.4294404252294629 0.0014619697387308062 0.009447689355048184 0.02
0.4182243295792291 0.0025450351363951462 0.00920093525074304 0.02
0.4182243295792291 0.0025450351363809354 0.00920093525074304 0.02
0.4026546535518728 0.004002255091677398 0.0088584023781412 0.02
0.3993424536827075 0.004305320812661773 0.008785533981019564 0.02
0.3915295526610869 -0.028792254667650896 0.008613650158543911 0.02
0.3805063771123649 0.005982560597362685 0.008371140296472027 0.02
0.3726449038498295 0.006659305801720805 0.00819818788469625 0.02
0.36778846189079295 0.007070518179499885 0.008091346161597445 0.02
0.3538251121739431 0.008223707059927587 0.007784152467826747 0.02
0.3538251121739431 0.00822370705995601 0.007784152467826747 0.02
0.34587455983724136 -0.024941817377720277 0.00760924031641931 0.02
0.34587455983724136 0.008860999523693458 0.00760924031641931 0.02
0.33508309769078787 0.009703584748364413 0.007371828149197333 0.02
0.32709809700579284 0.010310420249883823 0.007196158134127442 0.02
0.32709809700579284 0.010310420249898034 0.007196158134127442 0.02
0.3164314556251264 -0.022703824483478963 0.006961492023752781 0.02
0.3084180111024965 0.011674818930163422 0.006785196244254923 0.02
0.3084180111024965 0.011674818930163422 0.006785196244254923 0.02
0.3003634415449125 -0.021563566614605234 0.006607995713988075 0.02
0.3003634415449125 0.0122392502868085 0.006607995713988075 0.02
0.29226848261129845 -0.021010800359769766 0.006429906617448565 0.02
0.28984648991161976 0.012954578552663687 0.006376622778055635 0.02
0.28177186727335213 0.013487142255004914 0.006198981080013747 0.02
0.28177186727335213 -0.02031567464640882 0.006198981080013747 0.02
0.2736593210820904 0.014007646438605192 0.006020505063805988 0.02
0.2736593210820904 -0.01979517046278012 0.006020505063805988 0.02
0.2655096587899116 0.014515836803452808 0.0058412124933780556 0.02
0.26330654956916083 -0.01915212931139787 0.005792744090521538 0.02
0.2551823906208184 0.015138658779558112 0.005614012593658004 0.02
0.2551823906208184 0.015138658779572323 0.005614012593658004 0.02
0.2551823906208184 -0.018664158121841412 0.005614012593658004 0.02
0.24702365005121815 0.015613976796621465 0.005434520301126799 0.02
0.24702365005121815 -0.01818884010479227 0.005434520301126799 0.02
0.23883119958465762 0.016076405522855275 0.005254286390862468 0.02
0.23883119958465762 -0.01772641137855846 0.005254286390862468 0.02
0.23883119958465762 0.016076405522855275 0.005254286390862468 0.02
0.2306059362595526 0.016525713045966173 0.0050733305977101574 0.02
0.22868682567222423 -0.01717443050035472 0.005031110164788933 0.02
0.2204937613666717 -0.016745283995422966 0.004850862750066777 0.02
0.2204937613666717 0.01705753290599077 0.004850862750066777 0.02
0.2204937613666717 -0.016745283995408755 0.004850862750066777 0.02
0.2204937613666717 0.017057532905962347 0.004850862750066777 0.02
0.212270495716091 -0.016329524016927666 0.004669950905754001 0.02
0.212270495716091 0.01747329288448607 0.004669950905754001 0.02
0.212270495716091 -0.016329524016927666 0.004669950905754001 0.02
0.20401797959254858 0.017875455642714755 0.004488395551036068 0.02
0.20401797959254858 -0.015927361258642136 0.004488395551036068 0.02
0.1957371865774664 0.018263815821752072 0.0043062181047042606 0.02
0.1957371865774664 0.018263815821752072 0.0043062181047042606 0.02
0.1957371865774664 -0.015539001079661663 0.0043062181047042606 0.02
0.1874291124436737 -0.015164643211379891 0.004123440473760821 0.02
0.1874291124436737 0.018638173690033843 0.004123440473760821 0.02
0.1874291124436737 0.0017367652393553978 0.004123440473760821 0.03585330158128529
0.17909477459664214 0.0020969269816106806 0.003940085041126127 0.03585330158128529
0.1775961672834879 -0.014741354262110429 0.003907115680236733 0.02
0.17909477459664214 -0.014804481469067765 0.003940085041126127 0.02
0.1775961672834879 0.019061462639303306 0.003907115680236733 0.02
0.1775961672834879 -0.014741354262110429 0.003907115680236733 0.02
0.1775961672834879 0.019061462639303306 0.003907115680236733 0.02
0.16930377815578745 -0.014401048865423816 0.003724683119427324 0.02
0.16930377815578745 0.01940176803598992 0.003724683119427324 0.02
0.16930377815578745 -0.014401048865423816 0.003724683119427324 0.02
0.16930377815578745 0.01940176803598992 0.003724683119427324 0.02
0.16098781377080748 -0.014075090227432918 0.0035417319029577643 0.02
0.16098781377080748 0.019727726673980817 0.0035417319029577643 0.02
0.16098781377080748 -0.014075090227432918 0.0035417319029577643 0.02
0.16098781377080748 0.019727726673980817 0.0035417319029577643 0.02
0.15264932839526515 -0.013763647179979133 0.003358285224695833 0.02
0.15264932839526515 -0.013763647179979133 0.003358285224695833 0.02
0.15264932839526515 0.020039169721434602 0.003358285224695833 0.02
0.15264932839526515 -0.013763647179979133 0.003358285224695833 0.02
0.15264932839526515 -0.013763647179979133 0.003358285224695833 0.02
0.14428939453774245 0.02033593516566845 0.0031743666798303336 0.02
0.14428939453774245 -0.013466881735745284 0.0031743666798303336 0.02
0.14428939453774245 0.02033593516566845 0.0031743666798303336 0.02
0.14428939453774245 -0.013466881735745284 0.0031743666798303336 0.02
-1.545160918273219 0.03268470230750298 0.03399354020201082 0.02
-1.4084448448820817 0.009501471178430698 0.030985786587405795 0.02
-1.3195807383028326 -0.03145275152924554 0.029030776242662315 0.02
-1.2329181385546182 -0.007148273526836446 0.027124199048201597 0.02
-1.1681416732430239 0.009930544018129206 0.025699116811346522 0.02
-1.1033464547487397 0.026083392117311588 0.02427362200447227 0.02
-1.0537643743033551 -0.029790700348593324 0.02318281623467381 0.02
-0.996910432498493 0.016793268104320136 0.021932029514966846 0.02
-0.9544993893988254 -0.00794205946153248 0.020998986566774156 0.02
-0.9187484175690007 -0.0006083364916866785 0.020212465186518015 0.02
-0.8814868789148153 0.006733596617524151 0.019392711336125936 0.02
-0.8511714147810849 0.012479736623146165 0.01872577112518387 0.02
-0.8156919233162234 -0.014856962542393326 0.017945222312956914 0.02
-0.7913861157813615 -0.010588366781619563 0.01741049454718995 0.02
-0.7674360235495911 0.02729242636163587 0.016883592518091003 0.02
-0.7435065183015194 -0.002562959686467803 0.016357143402633424 0.02
-0.7196249120138116 0.0012499653108120068 0.015831748064303854 0.02
-0.707710521467902 -0.030697895397048702 0.015569631472293843 0.02
-0.6839512080979647 0.006710037766197496 0.015046926578155224 0.02
-0.6654941780324244 0.009424215732519947 0.014640871916713335 0.02
-0.6536358969195218 -0.022674655136166733 0.01437998973222948 0.02
-0.6300339095459151 0.014426790485749796 0.013860746010010132 0.02
-0.6182963634663426 -0.017781572832128 0.013602519996259537 0.02
-0.5996843151378045 0.01848691182871054 0.013193054933031698 0.02
-0.5880026035475675 -0.013807586156590723 0.012936057278046484 0.02
-0.5693131911006619 0.02234543178544124 0.012524890204214562 0.02
-0.5577088436287925 -0.010037112779438306 0.012269594559833433 0.02
-0.5505493997838679 -0.009175753964287825 0.012112086795245091 0.02
-0.5389764998291462 -0.007807446048911704 0.011857482996241215 0.02
-0.5244092235441183 -0.006127324085475561 0.011537002917970603 0.02
-0.5087298243155532 0.029431296675594076 0.01119205613494217 0.02
-0.5013655614676703 -0.003565674884590475 0.011030042352288745 0.02
-0.4825132950224769 -0.0015575396268165953 0.010615292490494492 0.02
-0.47116626431311 -0.0003868546217355995 0.01036565781488842 0.02
-0.47116626431311 -0.034189671523149334 0.01036565781488842 0.02
-0.4599023081609703 0.0007470193504854894 0.010117850779541346 0.02
-0.45236989166241065 0.0014895631759090922 0.009952137616573034 0.02
-0.4411794804149806 0.0025694799307689475 0.009705948569129572 0.02
-0.4335814839517618 0.003286886444307191 0.00953879264693876 0.02
-0.4259296565339419 0.003996437128113595 0.009370452443746721 0.02
-0.41481428312106017 0.00500403071827904 0.009125914228663323 0.02
-0.40710417205598876 0.0056868479031717545 0.008956291785231753 0.02
-0.39608144156430747 0.0066401393976185386 0.008713791714414764 0.02
-0.388318718172466 -0.026507494295580525 0.008543011799794251 0.02
-0.3915295526610869 0.04082876177074124 0.008613650158543911 0.02
-0.3805063771123649 -0.025861615021540718 0.008371140296472027 0.02
-0.36958637437281977 0.008821323211646304 0.008130900236202035 0.02
-0.3726449038498295 -0.025225336434825163 0.00819818788469625 0.02
-0.36172924151993224 0.07704386095617544 0.00795804331343851 0.02
-0.3538251121739431 -0.057560626199231635 0.007784152467826747 0.02
-0.35091999741042856 0.010264544184830582 0.007720239943029428 0.02
-0.3430239404207034 -0.022951032340457367 0.007546526689255474 0.02
-0.33787818824027843 0.011227039867186095 0.007433320141286125 0.02
-0.32709809700579284 0.011994144557184061 0.007196158134127442 0.02
-0.32709809700579284 -0.021808672344229674 0.007196158134127442 0.02
-0.3164314556251264 0.012727810617424007 0.006961492023752781 0.02
-0.3164314556251264 0.012727810617438218 0.006961492023752781 0.02
-0.3164314556251264 -0.021075006283975517 0.006961492023752781 0.02
-0.30587887140485215 0.013428803496620345 0.006729335170906747 0.02
-0.3084180111024965 0.013262388246070955 0.006785196244254923 0.02
-0.3003634415449125 -0.020017457871758237 0.006607995713988075 0.02
-0.28984648991161976 0.01444655170968634 0.006376622778055635 0.02
-0.28984648991161976 -0.019356265191727395 0.006376622778055635 0.02
-0.28177186727335213 -0.018865265284873756 0.006198981080013747 0.02
-0.2736593210820904 0.015416296794702689 0.006020505063805988 0.02
-0.28177186727335213 0.014937551616539979 0.006198981080013747 0.02
-0.2736593210820904 -0.018386520106711046 0.006020505063805988 0.02
-0.27139528080163583 0.08315293333995011 0.005970696177635988 0.02
-0.2655096587899116 -0.05172309670235253 0.0058412124933780556 0.02
-0.26330654956916083 -0.017796769430582726 0.005792744090521538 0.02
-0.26330654956916083 -0.017796769430582726 0.005792744090521538 0.02
-0.2551823906208184 0.016452199878749463 0.005614012593658004 0.02
-0.2551823906208184 0.05025501678014899 0.005614012593658004 0.02390220105419689
-0.2511030203360183 -0.08473774501472264 0.005524266447392402 0.02390220105419689
-0.24702365005121815 0.05068833800804029 0.005434520301126799 0.02
-0.24702365005121815 -0.016917295794758758 0.005434520301126799 0.02
-0.23883119958465762 0.017305779523376863 0.005254286390862468 0.02390220105418684
-0.23883119958465762 -0.016497037378036872 0.005254286390862468 0.02390220105418684
-0.23684876094692026 -0.016397578321813988 0.005210672740832245 0.02
-0.22868682567222423 0.017805542644599104 0.005031110164788933 0.02
-0.2306059362595526 0.01771274783411969 0.0050733305977101574 0.02
-0.22868682567222423 -0.01599727425681463 0.005031110164788933 0.02
-0.2204937613666717 -0.015610301221091749 0.004850862750066777 0.02390220105419689
-0.2223487820699473 0.01810620339316693 0.00489167320553884 0.02390220105419689
-0.2204937613666717 -0.015610301221091749 0.004850862750066777 0.02
-0.212270495716091 -0.01523687017201536 0.004669950905754001 0.02
-0.21406068356382152 0.05228874541712436 0.004709335038404073 0.02
-0.212270495716091 -0.01523687017201536 0.004669950905754001 0.02
-0.212270495716091 -0.01523687017201536 0.004669950905754001 0.02
-0.20401797959254858 0.01892562999257441 0.004488395551036068 0.02390220105418684
-0.20401797959254858 -0.01487718690878248 0.004488395551036068 0.02390220105418684
-0.20401797959254858 0.018925629992602833 0.004488395551036068 0.03186960140558916
-0.1990502420066319 -0.014667951733003948 0.004379105324145901 0.03186960140558916
-0.1957371865774664 0.019271365122396578 0.0043062181047042606 0.02
-0.19739555984988075 -0.014599473528225548 0.004342702316697376 0.02
-0.1874291124436737 0.019602957513001007 0.004123440473760821 0.02
-0.1874291124436737 -0.014199859388412728 0.004123440473760821 0.02
-0.1874291124436737 -0.014199859388412728 0.004123440473760821 0.02
-0.1874291124436737 0.019602957513001007 0.004123440473760821 0.02
-0.1874291124436737 -0.014199859388412728 0.004123440473760821 0.02
-0.1775961672834879 0.019975631772273905 0.003907115680236733 0.02
-0.1775961672834879 -0.01382718512913983 0.003907115680236733 0.02
-0.1775961672834879 0.019975631772245483 0.003907115680236733 0.02
-0.1775961672834879 -0.013827185129111408 0.003907115680236733 0.02
-0.1775961672834879 -0.01382718512913983 0.003907115680236733 0.02
-0.16930377815578745 0.02027325242922129 0.003724683119427324 0.02
-0.16930377815578745 -0.013529564472192446 0.003724683119427324 0.02
-0.1707352114752828 0.020222966072283022 0.0037561746524562216 0.02
-0.1707352114752828 -0.013579850829130713 0.0037561746524562216 0.02
-0.1707352114752828 -0.013579850829130713 0.0037561746524562216 0.02
-0.1707352114752828 -0.013579850829130713 0.0037561746524562216 0.02
1.4506875912279837 0.022553733107613994 0.03191512700701564 0.02
1.3484475447249493 -0.046859294570507304 0.029665845983948884 0.02
1.2623783156924 0.01208126704682888 0.027772322945232797 0.02
1.1902899496825317 -0.001931303421329078 0.026186378893015696 0.02
1.1296168463799159 -0.01997082922255955 0.024851570620358147 0.02
1.0694307653272264 0.02866219542435311 0.02352747683719898 0.02
1.0202469270110288 -0.027420702288957877 0.022445432394242633 0.02
0.9711120116570922 0.017357736732265705 0.021364464256456026 0.02
0.9289815570439169 -0.007460437681724663 0.020437594254966173 0.02
0.8986834994141027 -0.001242466248739138 0.01977103698711026 0.02
0.8511714147810849 0.008098365976686006 0.01872577112518387 0.02
0.8329812666744317 -0.022260801872727054 0.0183255878668375 0.02
0.7913861157813615 0.01914082189698174 0.01741049454718995 0.02
0.7674360235495911 -0.010460736625442557 0.016883592518091003 0.02
0.7378150601204649 -0.005440658441080881 0.016231931322650228 0.02
0.7196249120138116 -0.0024542749999010294 0.015831748064303854 0.02
0.6958181893838117 0.0013433549485279972 0.015308000166443856 0.02
0.6721128273807938 -0.028802885063984762 0.014786482202377462 0.02
0.6536358969195218 0.007763597257435917 0.01437998973222948 0.02
0.6300339095459151 0.011183716259309806 0.013860746010010132 0.02
0.6114175272111867 -0.020008583312890016 0.013451185598646106 0.02
0.5996843151378045 0.015400060919645409 0.013193054933031698 0.02
0.5880026035475675 -0.01683430592476798 0.012936057278046484 0.02
0.5621867439000292 0.020327352344730043 0.012368108365800642 0.02
0.5549957273385867 -0.012566176036426402 0.012209906001448907 0.02
0.5389764998291462 -0.01058180591870439 0.011857482996241215 0.02
0.5201910459456235 0.025475549081858118 0.011444203010803716 0.02
0.5013655614676703 -0.0061464339608705565 0.011030042352288745 0.02
0.49394136891958124 -0.005307988855924872 0.010866710116230787 0.02
0.4825132950224769 -0.00404125741928496 0.010615292490494492 0.02
0.47501075626509687 0.03057742144083675 0.01045023663783213 0.02
0.4636476090008061 -0.035816299281573594 0.010200247398017734 0.02
0.448439656075069 -0.0004363155243629624 0.009865672433651518 0.02
0.43713866872033735 0.000702455396138113 0.009617050711847422 0.02
0.4294404252294629 0.0014619697387308062 0.009447689355048184 0.02
0.4182243295792291 0.0025450351363951462 0.00920093525074304 0.02
0.41046586456376605 0.003277896485001097 0.009030249020402852 0.02
0.3993424536827075 0.004305320812661773 0.008785533981019564 0.02
0.3915295526610869 0.005010562233748628 0.008613650158543911 0.02
0.3805063771123649 0.005982560597362685 0.008371140296472027 0.02
0.3726449038498295 -0.02714351109967872 0.00819818788469625 0.02
0.3726449038498295 0.006659305801735016 0.00819818788469625 0.02
0.36172924151993224 0.0413790573230326 0.00795804331343851 0.02
0.35677665496721434 -0.025819264595165148 0.007849086409278715 0.02
0.34587455983724136 0.008860999523679247 0.00760924031641931 0.02
0.34587455983724136 0.008860999523693458 0.00760924031641931 0.02
0.33508309769078787 0.009703584748364413 0.007371828149197333 0.02
0.32709809700579284 -0.006590988200808834 0.007196158134127442 0.03585330158128529
0.32709809700579284 -0.006590988200808834 0.007196158134127442 0.03585330158128529
0.3190695956723733 -0.022896510563338746 0.007019531104792212 0.02
0.3164314556251264 0.011098992417934772 0.006961492023752781 0.02
0.3084180111024965 0.011674818930163422 0.006785196244254923 0.02
0.3084180111024965 -0.022127997971250313 0.006785196244254923 0.02
0.3003634415449125 0.0122392502868085 0.006607995713988075 0.02
0.29226848261129845 0.012792016541629758 0.006429906617448565 0.02
0.29226848261129845 0.012792016541643969 0.006429906617448565 0.02
0.28177186727335213 -0.02031567464640882 0.006198981080013747 0.02
0.28177186727335213 0.013487142255004914 0.006198981080013747 0.02
0.2736593210820904 -0.01979517046279433 0.006020505063805988 0.02
0.2736593210820904 0.014007646438619403 0.006020505063805988 0.02
0.2655096587899116 -0.019286980097946715 0.0058412124933780556 0.02
0.2655096587899116 0.01451583680346702 0.0058412124933780556 0.02
0.27139528080163583 0.014150303237398854 0.005970696177635988 0.02
0.26330654956916083 -0.01915212931141208 0.005792744090521538 0.02
0.26330654956916083 0.014650687590001654 0.005792744090521538 0.02
0.24910235109274495 -0.018308541249874688 0.005480251724040389 0.02
0.24910235109274495 0.015494275651539047 0.005480251724040389 0.02
0.23883119958465762 -0.01772641137855846 0.005254286390862468 0.02
0.23684876094692026 0.016186069102285927 0.005210672740832245 0.02
0.23883119958465762 -0.0008250029278658033 0.005254286390862468 0.03585330158129031
0.23372734860323643 -0.0005444370408715926 0.005142001669271201 0.03585330158129031
0.22868682567222423 -0.01717443050035472 0.005031110164788933 0.02
0.2204937613666717 0.01705753290599077 0.004850862750066777 0.02
0.2223487820699473 0.01696167197431042 0.00489167320553884 0.02
0.2223487820699473 -0.016841144927089102 0.00489167320553884 0.02
0.2204937613666717 0.01705753290599077 0.004850862750066777 0.02
0.212270495716091 -0.016329524016927666 0.004669950905754001 0.02
0.212270495716091 0.01747329288448607 0.004669950905754001 0.02
0.20401797959254858 -0.015927361258670558 0.004488395551036068 0.02
0.20401797959254858 0.017875455642743177 0.004488395551036068 0.02390220105419689
0.20574261139803554 -0.016010157936449332 0.004526337450756782 0.02390220105419689
0.1957371865774664 -0.015539001079661663 0.0043062181047042606 0.02
0.19739555984988075 0.018187257662778844 0.004342702316697376 0.02
0.1957371865774664 -0.015539001079661663 0.0043062181047042606 0.02
0.18902054628533635 0.01856764965312352 0.0041584520182773995 0.02
0.18902054628533635 0.052370466554537254 0.0041584520182773995 0.02
0.1874291124436737 -0.08277027701420736 0.004123440473760821 0.02
0.18586394582193286 0.018706985882511074 0.004089006808082523 0.02
0.1775961672834879 0.019061462639303306 0.003907115680236733 0.02
0.1775961672834879 -0.014741354262110429 0.003907115680236733 0.02
0.17909477459664214 0.01899833543234597 0.003940085041126127 0.02
0.1775961672834879 0.019061462639303306 0.003907115680236733 0.02
0.1775961672834879 -0.014741354262110429 0.003907115680236733 0.02
0.1707352114752828 -0.014458703467840728 0.0037561746524562216 0.02
0.16930377815578745 0.01940176803598992 0.003724683119427324 0.02
0.16930377815578745 -0.04820386576683755 0.003724683119427324 0.02390220105419689
0.16514579596329748 0.01956666435311405 0.0036332075111925443 0.02390220105419689
0.16098781377080748 -0.014075090227432918 0.0035417319029577643 0.02
0.16098781377080748 0.019727726673980817 0.0035417319029577643 0.02
0.16098781377080748 -0.014075090227432918 0.0035417319029577643 0.02
0.16098781377080748 0.019727726673980817 0.0035417319029577643 0.02
0.15264932839526515 -0.013763647179979133 0.003358285224695833 0.02
0.15264932839526515 -0.013763647179979133 0.003358285224695833 0.02
0.15394466445834992 0.01999180041631332 0.003386782618083698 0.02
0.15264932839526515 0.020039169721434602 0.003358285224695833 0.02
0.15264932839526515 -0.013763647179979133 0.003358285224695833 0.02
0.14428939453774245 -0.013466881735745284 0.0031743666798303336 0.02
0.14551585665996639 -0.013509449261251971 0.00320134884651926 0.02
0.14551585665996639 0.020293367640161764 0.00320134884651926 0.02
0.14551585665996639 0.020293367640161764 0.00320134884651926 0.02
