1.183098591549296 1.368474698416593
3.042253521126761 1.2809498368832768
4.8676056338028175 1.2090670852749643
6.625352112676056 1.140718191739034
8.450704225352114 1.0774177040173745
10.174647887323944 1.0289502939684376
11.932394366197183 0.9758332788110025
13.690140845070424 0.9339952852466475
15.414084507042254 0.903888122555586
0.23661971830985917 -1.4443558295365069
2.0957746478873243 -1.331965127210239
3.9211267605633804 -1.2543648711697701
5.746478873239437 -1.171453873112189
7.538028169014085 -1.1147243304452858
9.295774647887324 -1.0653479859212394
11.053521126760565 -1.0086095828948674
12.811267605633804 -0.9758332788110025
14.535211267605634 -0.9339952852466475
16.259154929577463 -0.8973540851399052
