0.12450000000000006 0.6809523809523811 0.005 0.006506838462656154
0.14949999999999997 0.7499999999999998 0.005 0.004454354031873962
0.17449999999999988 0.8153846153846155 0.005 0.01444360800382283
0.1994999999999998 0.8787878787878792 0.005 0.0048346911225296725
0.2244999999999997 0.9363636363636361 0.005 0.01840995531306128
0.2494999999999996 0.9800000000000011 0.005 0.0051639777949429285
0.2744999999999995 1.035087719298245 0.005 0.0030119125448382113
0.29949999999999943 1.0861111111111132 0.005 0.0061593216183574995
0.32449999999999934 1.1314814814814835 0.005 0.005538382236087717
0.34949999999999926 1.1750000000000043 0.005 0.007795119555784298
0.37449999999999917 1.2243589743589758 0.005 0.004663349277137006
0.3994999999999991 1.2583333333333329 0.005 0.005511981898050917
0.424499999999999 1.3000000000000032 0.005 0.002857142857142857
0.4494999999999989 1.3388888888888932 0.005 0.009351393461446306
0.4744999999999988 1.373333333333329 0.005 0.0063245553203405925
0.4994999999999987 1.4190476190476196 0.005 0.006234796863886914
0.5244999999999986 1.45 0.005 0.005270462766956885
0.5494999999999985 1.4857142857142824 0.005 0.006234796863886914
0.5744999999999985 1.514814814814814 0.005 0.005521155499999167
0.5994999999999985 1.5466666666666664 0.005 0.0150554530541818
0.6244999999999985 1.583333333333333 0.005 0.005892556509887874
0.6494999999999985 1.6121212121212123 0.005 0.0064606277683521805
0.6744999999999985 1.6428571428571428 0.005 0.0056915648063553875
0.6994999999999986 1.672727272727272 0.005 0.0032303138841747957
0.7244999999999986 1.7 0.005 0.004
0.7494999999999986 1.7222222222222285 0.005 0.009072184232525905
0.7744999999999986 1.7606060606060587 0.005 0.005778561146939822
0.7994999999999987 1.7874999999999979 0.005 0.005705443307343858
0.8244999999999987 1.8222222222222229 0.005 0.0064150029910009475
0.8494999999999987 1.8466666666666698 0.005 0.0069920589877989865
0.8744999999999987 1.8777777777777753 0.005 0.006415002990990008
0.8994999999999987 1.9041666666666686 0.005 0.003897559777889775
0.9244999999999988 1.9333333333333313 0.005 0.0066666666666691295
0.9494999999999988 1.9555555555555486 0.005 0.006415002990992742
0.9744999999999988 1.977777777777779 0.005 0.006000685831858789
0.9994999999999988 2.005555555555555 0.005 0.007691318391590375
1.0244999999999989 2.028571428571435 0.005 0.008049088140267011
1.0494999999999988 2.044444444444442 0.005 0.021596118129043523
1.074499999999999 2.0791666666666657 0.005 0.012757759077003262
1.099499999999999 2.104761904761905 0.005 0.004588686245997198
1.124499999999999 2.1277777777777778 0.005 0.0049430917833478815
1.1494999999999989 2.146666666666667 0.005 0.006126243889818697
1.174499999999999 2.1740740740740736 0.005 0.008729713347980679
1.1994999999999991 2.197916666666666 0.005 0.008185538357031846
1.224499999999999 2.2166666666666646 0.005 0.00733858809877382
1.249499999999999 2.242592592592593 0.005 0.004619330107130592
1.274499999999999 2.262962962962964 0.005 0.00349188533919114
1.2994999999999992 2.2939393939393953 0.005 0.008373930663125046
1.3244999999999991 2.309090909090907 0.005 0.005814564991520173
1.349499999999999 2.3291666666666657 0.005 0.009199750902426931
1.3744999999999992 2.3512820512820465 0.005 0.00460880530396248
1.399499999999999 2.374074074074075 0.005 0.009837887315120206
1.4244999999999992 2.3952380952381014 0.005 0.010021033920167953
1.4494999999999991 2.4166666666666665 0.005 0.017123372230466102
1.474499999999999 2.4395833333333314 0.005 0.005846339666841626
1.4994999999999992 2.4592592592592712 0.005 0.00911408830879088
1.524499999999999 2.477777777777779 0.005 0.006000685831856597
