2.39 2.0777777777777775 0.0956 0.01
4.140000000000001 2.0725490196078433 0.16560000000000002 0.012161698632613804
5.890000000000001 2.073684210526316 0.23560000000000003 0.01
7.640000000000001 2.072222222222221 0.30560000000000004 0.01
9.89 2.06969696969697 0.3956 0.01
11.96 2.071794871794872 0.47840000000000005 0.01
14.030000000000001 2.071929824561404 0.5612 0.01
17.98 2.068518518518516 0.7192000000000001 0.01
25.88 2.07017543859649 1.0352 0.01
34.68 2.0703703703703717 1.3872 0.01
47.88 2.068000000000002 1.9152000000000002 0.01
69.88 2.0689655172413794 2.7952 0.01
95.62 2.065833333333333 3.8248 0.01
126.33 2.068055555555556 5.0532 0.01
156.08999999999997 2.0699999999999994 6.243599999999999 0.01
186.89 2.0690476190476192 7.4756 0.01
213.29 2.065333333333334 8.5316 0.01
