2.39 2.0776603270996654 0.0956 0.01
4.140000000000001 2.0723455737454644 0.16560000000000002 0.012161698632613804
5.890000000000001 2.073394773085882 0.23560000000000003 0.01
7.640000000000001 2.0718467968094925 0.30560000000000004 0.01
9.89 2.069210993617396 0.3956 0.01
11.96 2.0712071943646686 0.47840000000000005 0.01
14.030000000000001 2.0712404508233835 0.5612 0.01
17.98 2.06763510059839 0.7192000000000001 0.01
25.88 2.0689039873700668 1.0352 0.01
34.68 2.0686667659008724 1.3872 0.01
47.88 2.0656483362536484 1.9152000000000002 0.01
69.88 2.0655342091247295 2.7952 0.01
95.62 2.0611395613453842 3.8248 0.01
126.33 2.061856571161068 5.0532 0.01
156.08999999999997 2.0623434166344685 6.243599999999999 0.01
186.89 2.0598835854532345 7.4756 0.01
213.29 2.054878077221608 8.5316 0.01
