2.39 0.0006999561648166619 0.0956 0.01
4.140000000000001 -0.002444345520964397 0.16560000000000002 0.012161698632613804
5.890000000000001 -2.333070990179209e-06 0.23560000000000003 0.01
7.640000000000001 -0.0005226022255775398 0.30560000000000004 0.01
9.89 -0.0021386589396619193 0.3956 0.01
11.96 0.0006083219980923538 0.47840000000000005 0.01
14.030000000000001 0.0012722082138361124 0.5612 0.01
17.98 -0.0013531556602179862 0.7192000000000001 0.01
25.88 0.001354569250737292 1.0352 0.01
34.68 0.002273650148027606 1.3872 0.01
47.88 0.0005294159034834323 1.9152000000000002 0.01
69.88 0.0019089258914570806 2.7952 0.01
95.62 -0.0012468137922154732 3.8248 0.01
126.33 0.0005704905754506662 5.0532 0.01
156.08999999999997 0.0018930203876470486 6.243599999999999 0.01
186.89 0.00014463691546229285 7.4756 0.01
213.29 -0.004338872747332356 8.5316 0.01
