0.12450000000000006 0.000908109163837989 0.005 0.006506838462656154
0.14949999999999997 -0.0016293764637016483 0.005 0.004454354031873962
0.17449999999999988 -0.001507404411974611 0.005 0.01444360800382283
0.1994999999999998 0.0015326920865670335 0.005 0.0048346911225296725
0.2244999999999997 0.0026866229271871322 0.005 0.01840995531306128
0.2494999999999996 -0.006839080407453735 0.005 0.0051639777949429285
0.2744999999999995 -0.002158989495165242 0.005 0.0030119125448382113
0.29949999999999943 0.0008242703678607022 0.005 0.0061593216183574995
0.32449999999999934 0.00021792050273550245 0.005 0.005538382236087717
0.34949999999999926 -0.00042098824258252066 0.005 0.007795119555784298
0.37449999999999917 0.006400347969142128 0.005 0.004663349277137006
0.3994999999999991 -0.0007086718393316538 0.005 0.005511981898050917
0.424499999999999 0.0011897348678413522 0.005 0.002857142857142857
0.4494999999999989 0.0015071936420281151 0.005 0.009351393461446306
0.4744999999999988 -0.0015245273506692136 0.005 0.0063245553203405925
0.4994999999999987 0.0077208830458241895 0.005 0.006234796863886914
0.5244999999999986 0.0031348781391697944 0.005 0.005270462766956885
0.5494999999999985 0.004173749862124376 0.005 0.006234796863886914
0.5744999999999985 -0.0005978960618253648 0.005 0.005521155499999167
0.5994999999999985 -0.001868129588298073 0.005 0.0150554530541818
0.6244999999999985 0.0023790027179999562 0.005 0.005892556509887874
0.6494999999999985 -0.0005928252965128333 0.005 0.0064606277683521805
0.6744999999999985 -0.000995338242063326 0.005 0.0056915648063553875
0.6994999999999986 -0.0016773398429057451 0.005 0.0032303138841747957
0.7244999999999986 -0.004402226044900592 0.005 0.004
0.7494999999999986 -0.01165212198527854 0.005 0.009072184232525905
0.7744999999999986 -0.0022414843855629307 0.005 0.005778561146939822
0.7994999999999987 -0.0038462404388126537 0.005 0.005705443307343858
0.8244999999999987 0.002829306268156806 0.005 0.0064150029910009475
0.8494999999999987 -0.00034166995560558355 0.005 0.0069920589877989865
0.8744999999999987 0.0035660518140883113 0.005 0.006415002990990008
0.8994999999999987 0.003145745168110725 0.005 0.003897559777889775
0.9244999999999988 0.005880822638191008 0.005 0.0066666666666691295
0.9494999999999988 0.0020336053136458254 0.005 0.006415002990992742
0.9744999999999988 -0.0014658932998592444 0.005 0.006000685831858789
0.9994999999999988 0.0009243843513275785 0.005 0.007691318391590375
1.0244999999999989 -0.0011256694037502513 0.005 0.008049088140267011
1.0494999999999988 -0.010008876838207836 0.005 0.021596118129043523
1.074499999999999 0.00025566782303787505 0.005 0.012757759077003262
1.099499999999999 0.0016812701584218992 0.005 0.004588686245997198
1.124499999999999 0.000805646654609582 0.005 0.0049430917833478815
1.1494999999999989 -0.003928170024027011 0.005 0.006126243889818697
1.174499999999999 0.00011648628213123402 0.005 0.008729713347980679
1.1994999999999991 0.0008479191791193053 0.005 0.008185538357031846
1.224499999999999 -0.003269573501346823 0.005 0.00733858809877382
1.249499999999999 2.5009496371630746e-05 0.005 0.004619330107130592
1.274499999999999 -0.0020069521299976856 0.005 0.00349188533919114
1.2994999999999992 0.006789371263927535 0.005 0.008373930663125046
1.3244999999999991 -2.3454829130020727e-05 0.005 0.005814564991520173
1.349499999999999 -0.001702423619628135 0.005 0.009199750902426931
1.3744999999999992 -0.0011380153298938822 0.005 0.00460880530396248
1.399499999999999 0.0003011846120815065 0.005 0.009837887315120206
1.4244999999999992 0.000305191243052505 0.005 0.010021033920167953
1.4494999999999991 0.0007614471762189545 0.005 0.017123372230466102
1.474499999999999 0.002888609669287945 0.005 0.005846339666841626
1.4994999999999992 0.001953163373179745 0.005 0.00911408830879088
1.524499999999999 3.395837533837209e-05 0.005 0.006000685831856597
