0.033802816901408454 -1.1483239344091811
0.06760563380281691 -1.1593400833811944
0.10140845070422536 -1.204220936950718
0.13521126760563382 -1.2809498368832768
0.16901408450704225 -1.3521273809209546
0.2028169014084507 -1.3946741529690772
0.23661971830985917 -1.4277130331267402
0.27042253521126763 -1.4443558295365069
0.3042253521126761 -1.4265069322571542
0.3380281690140845 -1.4084448448820817
0.37183098591549296 -1.366778347202348
0.4056338028169014 -1.3156139361740782
0.4394366197183099 -1.24639325872525
0.47323943661971835 -1.1559820436738364
0.5070422535211268 -1.0506052808492732
0.5408450704225353 -0.9339952852466475
0.5746478873239437 -0.8031477784539459
0.6084507042253522 -0.6721128273807938
0.6422535211267606 -0.5274705837654604
0.676056338028169 -0.3743336160075839
0.7098591549295775 -0.21866894587394195
0.7436619718309859 -0.0582673029695334
0.7774647887323944 0.10881220481724505
0.8112676056338028 0.26113887238256783
0.8450704225352114 0.41481428312106017
0.8788732394366198 0.5577088436287925
0.9126760563380282 0.6968727446734324
0.9464788732394367 0.8267946189469824
0.9802816901408451 0.9573362612211931
1.0140845070422535 1.054762235697031
1.0478873239436621 1.1483239344091811
1.0816901408450705 1.2305782151502134
1.115492957746479 1.2913485626685244
1.1492957746478873 1.33589796738708
1.1830985915492958 1.3602867646675405
1.2169014084507044 1.368474698416593
1.2507042253521128 1.366778347202348
1.2845070422535212 1.3421095011226725
1.3183098591549296 1.305286668004985
1.352112676056338 1.24639325872525
1.3859154929577466 1.1670022349097644
1.419718309859155 1.0808390005411683
1.4535211267605634 0.9758332788110025
1.4873239436619718 0.8621700546672264
1.5211267605633803 0.7321939838539574
1.5549295774647889 0.5949630479838942
1.5887323943661973 0.4411794804149806
1.6225352112676057 0.29544083714372
1.656338028169014 0.1347712844777311
1.6901408450704227 -0.02499479361892016
1.7239436619718311 -0.184324408899699
1.7577464788732395 -0.34021811164468324
1.791549295774648 -0.4973427163468224
1.8253521126760563 -0.6418147697509796
1.859154929577465 -0.7734939638391385
1.8929577464788734 -0.8921338360465839
1.9267605633802818 -1.005991417351594
1.9605633802816902 -1.0921685650267206
1.9943661971830986 -1.174714885230589
2.028169014084507 -1.2436982297891037
2.0619718309859154 -1.2890244595215445
2.0957746478873243 -1.3156139361740782
2.1295774647887327 -1.331965127210239
2.163380281690141 -1.331965127210239
2.1971830985915495 -1.313472611823808
2.230985915492958 -1.278527844183598
2.2647887323943663 -1.2249217669576553
2.2985915492957747 -1.1593400833811944
2.332394366197183 -1.0774177040173745
2.3661971830985915 -0.9874233198010407
2.4 -0.8685393952858895
2.4338028169014088 -0.7496990507181244
2.467605633802817 -0.6251085342329235
2.5014084507042256 -0.49337862277752215
2.535211267605634 -0.3480602716495644
2.5690140845070424 -0.20065287731988662
2.602816901408451 -0.050377507181057816
2.636619718309859 0.10050059905462982
2.6704225352112676 0.25307565216460226
2.704225352112676 0.4037940918851321
2.738028169014085 0.5418460328264589
2.7718309859154933 0.6734422416549913
2.8056338028169017 0.8031477784539459
2.83943661971831 0.9090248259535488
2.8732394366197185 1.005991417351594
2.907042253521127 1.0959967637684762
2.9408450704225353 1.1636921547389079
2.9746478873239437 1.219876329384468
3.008450704225352 1.2543648711697701
3.0422535211267605 1.272913917941948
3.0760563380281694 1.2809498368832768
3.1098591549295778 1.2623783156924
3.143661971830986 1.2357132291041089
3.1774647887323946 1.1934003595584717
3.211267605633803 1.1372148428431348
3.2450704225352114 1.066126967422197
3.27887323943662 0.9689377971002007
3.312676056338028 0.8675656857591483
3.3464788732394366 0.750118689803857
3.3802816901408455 0.6134600655737035
3.414084507042254 0.4747995630264205
3.4478873239436623 0.3323321700177181
3.4816901408450707 0.17612217382581954
3.515492957746479 0.025204745326941735
3.5492957746478875 -0.12538912034151625
3.583098591549296 -0.2794477641263722
3.6169014084507043 -0.4224723923857155
3.6507042253521127 -0.5577088436287925
3.684507042253521 -0.6839512080979647
3.71830985915493 -0.8031477784539459
3.7521126760563384 -0.9090248259535488
3.7859154929577468 -1.005991417351594
3.8197183098591547 -1.0847643974548002
3.8535211267605636 -1.1483239344091811
3.887323943661972 -1.2012099524220767
3.9211267605633804 -1.2384641567771786
3.954929577464789 -1.2543648711697701
3.988732394366197 -1.2543648711697701
4.022535211267606 -1.2436982297891037
4.056338028169014 -1.2090670852749643
4.090140845070422 -1.1636921547389079
4.123943661971831 -1.0996300624817865
4.157746478873239 -1.0246297633611088
4.1915492957746485 -0.9407624172489815
4.225352112676057 -0.8329812666744317
4.259154929577465 -0.707710521467902
4.292957746478874 -0.5880026035475675
4.326760563380282 -0.4599023081609703
4.3605633802816905 -0.31383515242790877
4.394366197183099 -0.17612217382581954
4.428169014084507 -0.033320995878247196
4.461971830985916 0.10050059905462982
4.495774647887324 0.24497866312686414
4.529577464788733 0.39287050746464774
4.563380281690141 0.5160340910978656
4.597183098591549 0.6485346233296747
4.630985915492958 0.7615931372123783
4.664788732394366 0.8685393952858895
4.698591549295775 0.95937879958371
4.732394366197183 1.0361074228188574
4.766197183098591 1.1034173918274317
4.8 1.1483239344091811
4.833802816901409 1.1824776086224307
4.8676056338028175 1.2012099524220767
4.901408450704226 1.2090670852749643
4.935211267605634 1.1902899496825317
4.969014084507043 1.1636921547389079
5.002816901408451 1.118426435132486
5.0366197183098596 1.0506052808492732
5.070422535211268 0.9780989220598338
5.104225352112676 0.8803498697402047
5.138028169014085 0.7853981633974483
5.171830985915493 0.6669082042393105
5.205633802816902 0.5418460328264589
5.23943661971831 0.4037940918851321
5.273239436619718 0.26330654956916083
5.307042253521127 0.11710874456686428
5.340845070422535 -0.025204745326941735
5.374647887323944 -0.17612217382581954
5.408450704225352 -0.31383515242790877
5.44225352112676 -0.44513120693279706
5.47605633802817 -0.5718377299169601
5.509859154929578 -0.690446457054692
5.5436619718309865 -0.7973023629557582
5.577464788732394 -0.8986834994141027
5.611267605633803 -0.982793723247329
5.645070422535212 -1.0506052808492732
5.67887323943662 -1.0996300624817865
5.7126760563380286 -1.1448666702609547
5.746478873239437 -1.171453873112189
5.780281690140845 -1.171453873112189
5.814084507042254 -1.171453873112189
5.847887323943662 -1.1448666702609547
5.881690140845071 -1.1071487177940904
5.915492957746479 -1.0620665024793434
5.949295774647887 -0.9944211062037129
5.983098591549296 -0.9156096063618447
6.016901408450704 -0.8149753344026918
6.050704225352113 -0.7086262721276703
6.084507042253521 -0.601858529694696
6.11830985915493 -0.4747995630264205
6.152112676056339 -0.3480602716495644
6.185915492957747 -0.21050956212735614
6.2197183098591555 -0.08314123188844123
6.253521126760564 0.06656816377582381
6.287323943661972 0.20065287731988662
6.321126760563381 0.3296244074207427
6.354929577464789 0.4599023081609703
6.3887323943661976 0.5788074604092808
6.422535211267606 0.6968727446734324
6.456338028169014 0.8031477784539459
6.490140845070423 0.8973540851399052
6.523943661971831 0.9689377971002007
6.55774647887324 1.0318198269657504
6.591549295774648 1.0808390005411683
6.625352112676056 1.1220729827841756
6.659154929577465 1.140718191739034
6.692957746478873 1.1372148428431348
6.726760563380282 1.1296168463799159
6.760563380281691 1.0996300624817865
6.7943661971831 1.0620665024793434
6.828169014084508 0.9944211062037129
6.861971830985916 0.922261703465222
6.8957746478873245 0.8386023429409392
6.929577464788733 0.7378150601204649
6.963380281690141 0.6300339095459151
6.99718309859155 0.5160340910978656
7.030985915492958 0.3773959672364249
7.0647887323943666 0.24497866312686414
7.098591549295775 0.11614162687999023
7.132394366197183 -0.016527420602720798
7.166197183098592 -0.15832750080842997
7.2 -0.28746320548528187
7.233802816901409 -0.4190674996998205
7.267605633802817 -0.5418460328264589
7.301408450704225 -0.6551867204330519
7.335211267605634 -0.7615931372123783
7.369014084507042 -0.8567056281827387
7.4028169014084515 -0.9289815570439169
7.43661971830986 -0.9944211062037129
7.470422535211268 -1.0506052808492732
7.504225352112677 -1.0882830317724197
7.538028169014085 -1.1071487177940904
7.5718309859154935 -1.1147243304452858
7.605633802816902 -1.1071487177940904
7.6394366197183095 -1.0808390005411683
7.673239436619719 -1.0433257430294363
7.707042253521127 -0.9898193687745949
7.740845070422536 -0.9238996453133528
7.774647887323944 -0.8511714147810849
7.808450704225352 -0.75546698504364
7.842253521126761 -0.6536358969195218
7.876056338028169 -0.5389764998291462
7.909859154929578 -0.4224723923857155
7.943661971830986 -0.29788240885294875
7.977464788732394 -0.16789592325037456
8.011267605633803 -0.033320995878247196
8.045070422535211 0.09966865249116202
8.07887323943662 0.21866894587394195
8.112676056338028 0.3430239404207034
8.146478873239436 0.47116626431311
8.180281690140845 0.590306746935372
8.214084507042253 0.690446457054692
8.247887323943662 0.7853981633974483
8.28169014084507 0.8685393952858895
8.315492957746478 0.9407624172489815
8.349295774647889 0.9989585968779365
8.383098591549297 1.0433257430294363
8.416901408450705 1.0620665024793434
8.450704225352114 1.073453610448074
8.484507042253522 1.0774177040173745
8.51830985915493 1.066126967422197
8.552112676056339 1.0289502939684376
8.585915492957747 0.9944211062037129
8.619718309859156 0.9206618161268737
8.653521126760564 0.8503952365570512
8.687323943661973 0.7618730924122314
8.721126760563381 0.6617715008413478
8.75492957746479 0.5532943253222926
8.788732394366198 0.43007813505586256
8.822535211267606 0.30337991783948065
8.856338028169015 0.17612217382581954
8.890140845070423 0.04995839572194276
8.923943661971832 -0.0838366420684145
8.95774647887324 -0.212270495716091
8.991549295774648 -0.3430239404207034
9.025352112676057 -0.4599023081609703
9.059154929577465 -0.5763752205911837
9.092957746478875 -0.6839512080979647
9.126760563380282 -0.7734939638391385
9.16056338028169 -0.8567056281827387
9.194366197183099 -0.922261703465222
9.228169014084507 -0.9758332788110025
9.261971830985916 -1.0274698579685673
9.295774647887324 -1.0579460370236926
9.329577464788732 -1.0653479859212394
9.36338028169014 -1.0579460370236926
9.39718309859155 -1.039072259536091
9.430985915492958 -1.0014831356942346
9.464788732394366 -0.95937879958371
9.498591549295774 -0.8986834994141027
9.532394366197183 -0.8267946189469824
9.566197183098591 -0.7440017078479142
9.6 -0.6485346233296747
9.63380281690141 -0.5577088436287925
9.667605633802818 -0.4411794804149806
9.701408450704227 -0.3217505543966422
9.735211267605635 -0.19410609803032688
9.769014084507043 -0.0671258882021007
9.802816901408452 0.058755822715722696
9.83661971830986 0.184324408899699
9.870422535211269 0.30337991783948065
9.904225352112677 0.4190674996998205
9.938028169014085 0.5304625035883023
9.971830985915494 0.6318543808578923
10.005633802816902 0.7266423406817256
10.03943661971831 0.8089232343826652
10.073239436619719 0.8792393760267848
10.107042253521128 0.9389419459370044
10.140845070422536 0.9804895798595247
10.174647887323944 1.0104364498900535
10.208450704225353 1.0289502939684376
10.242253521126761 1.0289502939684376
10.27605633802817 1.017502001472604
10.309859154929578 0.9874233198010407
10.343661971830986 0.9389419459370044
10.377464788732395 0.8856526389030238
10.411267605633803 0.8206776369910396
10.445070422535212 0.7328151017865066
10.47887323943662 0.6385342622197835
10.512676056338028 0.5304625035883023
10.546478873239437 0.41481428312106017
10.580281690140845 0.29788240885294875
10.614084507042254 0.184324408899699
10.647887323943662 0.0582673029695334
10.68169014084507 -0.08314123188844123
10.715492957746479 -0.19092315832258525
10.749295774647887 -0.319139594272287
10.783098591549294 -0.437631175540433
10.816901408450704 -0.5346889039760393
10.850704225352112 -0.636801041548249
10.88450704225352 -0.7321939838539574
10.918309859154931 -0.8092031895825182
10.95211267605634 -0.8803498697402047
10.985915492957748 -0.9289815570439169
11.019718309859156 -0.9711120116570922
11.053521126760565 -0.9944211062037129
11.087323943661973 -1.0086095828948674
11.121126760563381 -1.0014831356942346
11.154929577464788 -0.9898193687745949
11.188732394366198 -0.95937879958371
11.222535211267607 -0.9156096063618447
11.256338028169015 -0.8621700546672264
11.290140845070423 -0.7853981633974483
11.323943661971832 -0.702256931509007
11.35774647887324 -0.6134600655737035
11.391549295774649 -0.511937176307204
11.425352112676057 -0.41481428312106017
11.459154929577466 -0.28746320548528187
11.492957746478874 -0.1746721990082397
11.526760563380282 -0.0582673029695334
11.56056338028169 0.058755822715722696
11.5943661971831 0.17612217382581954
11.628169014084508 0.29788240885294875
11.661971830985916 0.4037940918851321
11.695774647887324 0.5087298243155532
11.729577464788733 0.6066051085945269
11.763380281690141 0.702256931509007
11.79718309859155 0.7853981633974483
11.830985915492958 0.8511714147810849
11.864788732394366 0.8986834994141027
11.898591549295775 0.9339952852466475
11.932394366197183 0.9641912182003697
11.966197183098592 0.9758332788110025
12.0 0.9758332788110025
12.033802816901408 0.9573362612211931
12.067605633802817 0.922261703465222
12.101408450704225 0.8803498697402047
12.135211267605634 0.8267946189469824
12.169014084507042 0.7558209923922049
12.202816901408452 0.6721128273807938
12.23661971830986 0.5763752205911837
12.270422535211269 0.46737893496746485
12.304225352112677 0.36657538984417876
12.338028169014086 0.2551823906208184
12.371830985915494 0.1347712844777311
12.405633802816903 0.008333140440135918
12.439436619718311 -0.10881220481724505
12.47323943661972 -0.22679884805388587
12.507042253521128 -0.34021811164468324
12.540845070422536 -0.4562128017556078
12.574647887323945 -0.5577088436287925
12.608450704225353 -0.636801041548249
12.642253521126761 -0.7378150601204649
12.67605633802817 -0.7913152541034756
12.709859154929578 -0.8567056281827387
12.743661971830987 -0.9104900774865703
12.777464788732395 -0.9524999633285539
12.811267605633804 -0.9711120116570922
12.845070422535212 -0.9758332788110025
12.87887323943662 -0.9711120116570922
12.912676056338029 -0.9524999633285539
12.946478873239437 -0.9104900774865703
12.980281690140846 -0.8685393952858895
13.014084507042254 -0.8031477784539459
13.047887323943662 -0.7259445040887914
13.08169014084507 -0.6485346233296747
13.11549295774648 -0.5577088436287925
13.149295774647888 -0.4599023081609703
13.183098591549296 -0.35091999741042856
13.216901408450706 -0.24497866312686414
13.250704225352113 -0.12644049725838966
13.284507042253521 -0.008403163547646988
13.31830985915493 0.10134650326566776
13.352112676056338 0.2204937613666717
13.385915492957746 0.3323321700177181
13.419718309859155 0.4335814839517618
13.453521126760563 0.5346889039760393
13.487323943661973 0.6251085342329235
13.521126760563382 0.702256931509007
13.55492957746479 0.7676485483409506
13.5887323943662 0.8267946189469824
13.622535211267607 0.8803498697402047
13.656338028169015 0.903888122555586
13.690140845070424 0.922261703465222
13.723943661971832 0.9339952852466475
13.75774647887324 0.922261703465222
13.791549295774649 0.903888122555586
13.825352112676057 0.8739235821214641
13.859154929577466 0.8149753344026918
13.892957746478874 0.7496990507181244
13.926760563380283 0.6786624907483126
13.960563380281691 0.5996843151378045
13.9943661971831 0.5013655614676703
14.028169014084508 0.39608144156430747
14.061971830985916 0.28984648991161976
14.095774647887325 0.17612217382581954
14.129577464788733 0.0671258882021007
14.163380281690142 -0.058755822715722696
14.19718309859155 -0.17612217382581954
14.230985915492958 -0.28746320548528187
14.264788732394367 -0.39287050746464774
14.298591549295775 -0.4973427163468224
14.332394366197184 -0.5880026035475675
14.366197183098592 -0.6786624907483126
14.4 -0.7378150601204649
14.433802816901409 -0.8149753344026918
14.467605633802817 -0.8621700546672264
14.501408450704226 -0.903888122555586
14.535211267605634 -0.922261703465222
14.569014084507042 -0.9339952852466475
14.60281690140845 -0.9272952180016122
14.63661971830986 -0.9156096063618447
14.670422535211268 -0.8856526389030238
14.704225352112676 -0.844153986113171
14.738028169014084 -0.7913152541034756
14.771830985915495 -0.7259445040887914
14.805633802816903 -0.6485346233296747
14.839436619718311 -0.5648049094433026
14.87323943661972 -0.46737893496746485
14.907042253521128 -0.36958637437281977
14.940845070422537 -0.26113887238256783
14.974647887323945 -0.15964666966066154
15.008450704225353 -0.04164257909858842
15.042253521126762 0.0671258882021007
15.07605633802817 0.17612217382581954
15.109859154929579 0.28984648991161976
15.143661971830987 0.388318718172466
15.177464788732395 0.4899573262537283
15.211267605633804 0.5763752205911837
15.245070422535212 0.6603062493083264
15.278873239436619 0.7259445040887914
15.312676056338029 0.7853981633974483
15.346478873239437 0.8329812666744317
15.380281690140846 0.8685393952858895
15.414084507042254 0.8921338360465839
15.447887323943663 0.903888122555586
15.481690140845071 0.8986834994141027
15.51549295774648 0.8749781374110849
15.549295774647888 0.8392382953707508
15.583098591549296 0.8031477784539459
15.616901408450705 0.7440017078479142
15.650704225352113 0.6654941780324244
15.684507042253522 0.5949630479838942
15.71830985915493 0.4973427163468224
15.752112676056338 0.4037940918851321
15.785915492957747 0.29788240885294875
15.819718309859155 0.19410609803032688
15.853521126760564 0.0838366420684145
15.887323943661972 -0.04164257909858842
15.92112676056338 -0.15137544373402623
15.954929577464789 -0.26113887238256783
15.988732394366197 -0.36657538984417876
16.022535211267606 -0.4599023081609703
16.056338028169016 -0.5577088436287925
16.090140845070422 -0.6300339095459151
16.123943661971833 -0.707710521467902
16.15774647887324 -0.7674360235495911
16.19154929577465 -0.8206776369910396
16.225352112676056 -0.855869507976244
16.259154929577466 -0.8856526389030238
16.292957746478873 -0.8973540851399052
16.326760563380283 -0.8921338360465839
16.36056338028169 -0.8685393952858895
16.3943661971831 -0.8448518227061051
16.428169014084506 -0.8092031895825182
16.461971830985917 -0.7558209923922049
16.495774647887323 -0.690446457054692
16.529577464788733 -0.6202494859828215
16.56338028169014 -0.5346889039760393
16.59718309859155 -0.4487233440107211
16.630985915492957 -0.3480602716495644
16.664788732394367 -0.25307565216460226
16.698591549295777 -0.1430832936681563
16.732394366197184 -0.033320995878247196
16.766197183098594 0.0671258882021007
16.8 0.1746721990082397
16.83380281690141 0.27716070733358933
16.867605633802818 0.3743336160075839
16.901408450704228 0.4747995630264205
